 0.9999999999999999E+000, 
 0.2000000000000000E+001, 
 0.3000000000000000E+001, 
 0.4000000000000000E+001, 
 0.5000000000000000E+001, 
 0.6000000000000000E+001, 
 0.7000000000000000E+001, 
 0.8000000000000000E+001, 
 0.9000000000000000E+001, 
 0.1000000000000000E+002, 
 0.1100000000000000E+002, 
 0.1200000000000000E+002, 
 0.1300000000000000E+002, 
 0.1400000000000000E+002, 
 0.1500000000000000E+002, 
 0.1600000000000000E+002, 
 0.1700000000000000E+002, 
 0.1800000000000000E+002, 
 0.1900000000000000E+002, 
 0.2000000000000000E+002, 
 0.2100000000000000E+002, 
 0.2200000000000000E+002, 
 0.2300000000000000E+002, 
 0.2400000000000000E+002, 
 0.2500000000000000E+002, 
 0.2600000000000000E+002, 
 0.2700000000000000E+002, 
 0.2800000000000000E+002, 
 0.2900000000000000E+002, 
 0.3000000000000000E+002, 
 0.3100000000000000E+002, 
 0.3200000000000000E+002, 
 0.3300000000000000E+002, 
 0.3400000000000000E+002, 
 0.3500000000000000E+002, 
 0.3600000000000000E+002, 
 0.3700000000000000E+002, 
 0.3800000000000000E+002, 
 0.3900000000000000E+002, 
 0.4000000000000000E+002, 
 0.4100000000000000E+002, 
 0.4200000000000000E+002, 
 0.4300000000000000E+002, 
 0.4400000000000000E+002, 
 0.4500000000000000E+002, 
 0.4600000000000000E+002, 
 0.4700000000000000E+002, 
 0.4800000000000000E+002, 
 0.4900000000000000E+002, 
 0.5000000000000000E+002, 
 0.5100000000000000E+002, 
 0.5200000000000000E+002, 
 0.5300000000000000E+002, 
 0.5400000000000000E+002, 
 0.5500000000000000E+002, 
 0.5600000000000000E+002, 
 0.5700000000000000E+002, 
 0.5800000000000000E+002, 
 0.5900000000000000E+002, 
 0.6000000000000000E+002, 
 0.6100000000000000E+002, 
 0.6200000000000000E+002, 
 0.6300000000000000E+002, 
 0.6400000000000000E+002, 
 0.6500000000000000E+002, 
 0.6600000000000000E+002, 
 0.6700000000000000E+002, 
 0.6800000000000000E+002, 
 0.6900000000000000E+002, 
 0.7000000000000000E+002, 
 0.7100000000000000E+002, 
 0.7200000000000000E+002, 
 0.7300000000000000E+002, 
 0.7400000000000000E+002, 
 0.7500000000000000E+002, 
 0.7600000000000000E+002, 
 0.7700000000000000E+002, 
 0.7800000000000000E+002, 
 0.7900000000000000E+002, 
 0.8000000000000000E+002, 
 0.8100000000000000E+002, 
 0.8200000000000000E+002, 
 0.8300000000000000E+002, 
 0.8400000000000000E+002, 
 0.8500000000000000E+002, 
 0.8600000000000000E+002, 
 0.8700000000000000E+002, 
 0.8800000000000000E+002, 
 0.8900000000000000E+002, 
 0.9000000000000000E+002, 
 0.9100000000000000E+002, 
 0.9200000000000000E+002, 
 0.9300000000000000E+002, 
 0.9400000000000000E+002, 
 0.9500000000000000E+002, 
 0.9600000000000000E+002, 
 0.9700000000000000E+002, 
 0.9800000000000000E+002, 
 0.9900000000000000E+002, 
 0.1000000000000000E+003, 
