 0.2005904257452109E-004, 
 0.1603792099999029E-003, 
 0.5407563601977219E-003, 
 0.1280057617258476E-002, 
 0.2495761497630278E-002, 
 0.4303503408561143E-002, 
 0.6816628277172351E-002, 
 0.1014575204095473E-001, 
 0.1439833369619555E-001, 
 0.1967825955999742E-001, 
 0.2608544135429944E-001, 
 0.3371542966683447E-001, 
 0.4265904428446727E-001, 
 0.5300202282908317E-001, 
 0.6482468905538397E-001, 
 0.7820164209388597E-001, 
 0.9320146784137612E-001, 
 0.1098864736154011E+000, 
 0.1283124470993601E+000, 
 0.1485284405107956E+000, 
 0.1705765808278927E+000, 
 0.1944919068083844E+000, 
 0.2203022334314054E+000, 
 0.2480280442867402E+000, 
 0.2776824123277949E+000, 
 0.3092709492948790E+000, 
 0.3427917840044729E+000, 
 0.3782355695884732E+000, 
 0.4155855196554100E+000, 
 0.4548174732337337E+000, 
 0.4958999882459207E+000, 
 0.5387944631517636E+000, 
 0.5834552862902304E+000, 
 0.6298300123421208E+000, 
 0.6778595652308170E+000, 
 0.7274784666761491E+000, 
 0.7786150895171393E+000, 
 0.8311919348235733E+000, 
 0.8851259317243064E+000, 
 0.9403287587923254E+000, 
 0.9967071857431916E+000, 
 0.1054163434124901E+001, 
 0.1112595555603718E+001, 
 0.1171897826382474E+001, 
 0.1231961156225403E+001, 
 0.1292673510507065E+001, 
 0.1353920343652553E+001, 
 0.1415585042292067E+001, 
 0.1477549376415388E+001, 
 0.1539693956780821E+001, 
 0.1601898696808972E+001, 
 0.1664043277174404E+001, 
 0.1726007611297726E+001, 
 0.1787672309937240E+001, 
 0.1848919143082728E+001, 
 0.1909631497364390E+001, 
 0.1969694827207318E+001, 
 0.2028997097986075E+001, 
 0.2087429219464892E+001, 
 0.2144885467846601E+001, 
 0.2201263894797468E+001, 
 0.2256466721865486E+001, 
 0.2310400718766220E+001, 
 0.2362977564072654E+001, 
 0.2414114186913644E+001, 
 0.2463733088358976E+001, 
 0.2511762641247672E+001, 
 0.2558137367299563E+001, 
 0.2602798190438029E+001, 
 0.2645692665343872E+001, 
 0.2686775180356059E+001, 
 0.2726007133934383E+001, 
 0.2763357084001320E+001, 
 0.2798800869585320E+001, 
 0.2832321704294914E+001, 
 0.2863910241261998E+001, 
 0.2893564609303052E+001, 
 0.2921290420158388E+001, 
 0.2947100746781409E+001, 
 0.2971016072761901E+001, 
 0.2993064213078998E+001, 
 0.3013280206490433E+001, 
 0.3031706179974392E+001, 
 0.3048391185748417E+001, 
 0.3063391011495907E+001, 
 0.3076767964534409E+001, 
 0.3088590630760710E+001, 
 0.3098933609305326E+001, 
 0.3107877223922959E+001, 
 0.3115507212235493E+001, 
 0.3121914394029796E+001, 
 0.3127194319893598E+001, 
 0.3131446901548839E+001, 
 0.3134776025312620E+001, 
 0.3137289150181232E+001, 
 0.3139096892092163E+001, 
 0.3140312595972535E+001, 
 0.3141051897229596E+001, 
 0.3141432274379793E+001, 
 0.3141572594547218E+001, 
