-0.6514747760765551E+001 ,  0.3476866545274609E-001 ,  0.5803711769383582E+001
-0.6505299741626795E+001 ,  0.3545551145861851E-001 ,  0.5866493952944845E+001
-0.6495851722488039E+001 ,  0.3590018727071282E-001 ,  0.5929715130200385E+001
-0.6486403703349282E+001 ,  0.3596061816237520E-001 ,  0.5993374883629233E+001
-0.6476955684210527E+001 ,  0.3578759327862570E-001 ,  0.6057472737647469E+001
-0.6467507665071771E+001 ,  0.3570744575501732E-001 ,  0.6122008158063176E+001
-0.6458059645933014E+001 ,  0.3597442882485864E-001 ,  0.6186980551535425E+001
-0.6448611626794259E+001 ,  0.3658062795607583E-001 ,  0.6252389265041867E+001
-0.6439163607655503E+001 ,  0.3726546654519700E-001 ,  0.6318233585350975E+001
-0.6429715588516746E+001 ,  0.3771497978681507E-001 ,  0.6384512738501916E+001
-0.6420267569377991E+001 ,  0.3779857120410091E-001 ,  0.6451225889291133E+001
-0.6410819550239236E+001 ,  0.3766482200047766E-001 ,  0.6518372140765686E+001
-0.6401371531100478E+001 ,  0.3762619190802777E-001 ,  0.6585950533724675E+001
-0.6391923511961723E+001 ,  0.3792201921831999E-001 ,  0.6653960046226457E+001
-0.6382475492822967E+001 ,  0.3853953600238682E-001 ,  0.6722399593105616E+001
-0.6373027473684211E+001 ,  0.3922670264150219E-001 ,  0.6791268025496337E+001
-0.6363579454545455E+001 ,  0.3968478207662988E-001 ,  0.6860564130364459E+001
-0.6354131435406699E+001 ,  0.3979361818628430E-001 ,  0.6930286630047715E+001
-0.6344683416267943E+001 ,  0.3969983721164933E-001 ,  0.7000434181803712E+001
-0.6335235397129187E+001 ,  0.3970334690926547E-001 ,  0.7071005377367542E+001
-0.6325787377990431E+001 ,  0.4002994504226445E-001 ,  0.7141998742518657E+001
-0.6316339358851675E+001 ,  0.4066240913568266E-001 ,  0.7213412736654525E+001
-0.6306891339712919E+001 ,  0.4135638768145008E-001 ,  0.7285245752376163E+001
-0.6297443320574163E+001 ,  0.4182694299376443E-001 ,  0.7357496115080962E+001
-0.6287995301435407E+001 ,  0.4196343604471440E-001 ,  0.7430162082567142E+001
-0.6278547282296651E+001 ,  0.4191079891930975E-001 ,  0.7503241844646313E+001
-0.6269099263157895E+001 ,  0.4195760788744191E-001 ,  0.7576733522766720E+001
-0.6259651244019139E+001 ,  0.4231736337991809E-001 ,  0.7650635169646615E+001
-0.6250203224880384E+001 ,  0.4296872388811888E-001 ,  0.7724944768918873E+001
-0.6240755205741627E+001 ,  0.4367422631824148E-001 ,  0.7799660234784225E+001
-0.6231307186602871E+001 ,  0.4416142567984193E-001 ,  0.7874779411676903E+001
-0.6221859167464116E+001 ,  0.4432837883160070E-001 ,  0.7950300073941060E+001
-0.6212411148325359E+001 ,  0.4431859245391728E-001 ,  0.8026219925517795E+001
-0.6202963129186603E+001 ,  0.4441044322895946E-001 ,  0.8102536599643711E+001
-0.6193515110047848E+001 ,  0.4480626122698166E-001 ,  0.8179247658560515E+001
-0.6184067090909092E+001 ,  0.4548086446880365E-001 ,  0.8256350593237377E+001
-0.6174619071770335E+001 ,  0.4620292108852994E-001 ,  0.8333842823104646E+001
-0.6165171052631580E+001 ,  0.4671127953952407E-001 ,  0.8411721695798787E+001
-0.6155723033492823E+001 ,  0.4691196251263060E-001 ,  0.8489984486920592E+001
-0.6146275014354067E+001 ,  0.4694732854620936E-001 ,  0.8568628399805966E+001
-0.6136826995215311E+001 ,  0.4708660934328084E-001 ,  0.8647650565307712E+001
-0.6127378976076555E+001 ,  0.4752198864856663E-001 ,  0.8727048041591749E+001
-0.6117930956937800E+001 ,  0.4822467094177539E-001 ,  0.8806817813945386E+001
-0.6108482937799043E+001 ,  0.4896873457417938E-001 ,  0.8886956794598687E+001
-0.6099034918660287E+001 ,  0.4950321680412567E-001 ,  0.8967461822559541E+001
-0.6089586899521532E+001 ,  0.4974145783012057E-001 ,  0.9048329663461091E+001
-0.6080138880382775E+001 ,  0.4982495482602099E-001 ,  0.9129557009424143E+001
-0.6070690861244019E+001 ,  0.5001478226414455E-001 ,  0.9211140478931993E+001
-0.6061242842105264E+001 ,  0.5049391047551784E-001 ,  0.9293076616719961E+001
-0.6051794822966508E+001 ,  0.5123011004708685E-001 ,  0.9375361893678361E+001
-0.6042346803827751E+001 ,  0.5200217862717329E-001 ,  0.9457992706769810E+001
-0.6032898784688996E+001 ,  0.5256832068669702E-001 ,  0.9540965378961378E+001
-0.6023450765550240E+001 ,  0.5284861923574833E-001 ,  0.9624276159169975E+001
-0.6014002746411483E+001 ,  0.5298400782576791E-001 ,  0.9707921222224062E+001
-0.6004554727272728E+001 ,  0.5322833431964222E-001 ,  0.9791896668837920E+001
-0.5995106708133972E+001 ,  0.5375620796795523E-001 ,  0.9876198525602872E+001
-0.5985658688995215E+001 ,  0.5453210130920943E-001 ,  0.9960822744992287E+001
-0.5976210669856460E+001 ,  0.5533886453433826E-001 ,  0.1004576520538095E+002
-0.5966762650717704E+001 ,  0.5594292028230997E-001 ,  0.1013102171108310E+002
-0.5957314631578948E+001 ,  0.5627058639456744E-001 ,  0.1021658799240089E+002
-0.5947866612440192E+001 ,  0.5646254343135915E-001 ,  0.1030245970569258E+002
-0.5938418593301436E+001 ,  0.5676629534363860E-001 ,  0.1038863243345357E+002
-0.5928970574162680E+001 ,  0.5734887151270317E-001 ,  0.1047510168441498E+002
-0.5919522555023923E+001 ,  0.5817154113664718E-001 ,  0.1056186289365683E+002
-0.5910074535885168E+001 ,  0.5902055850778833E-001 ,  0.1064891142273774E+002
-0.5900626516746412E+001 ,  0.5966967833914456E-001 ,  0.1073624255984049E+002
-0.5891178497607656E+001 ,  0.6005100621716489E-001 ,  0.1082385151993348E+002
-0.5881730478468899E+001 ,  0.6030529568061006E-001 ,  0.1091173344494916E+002
-0.5872282459330144E+001 ,  0.6067455038247985E-001 ,  0.1099988340397771E+002
-0.5862834440191388E+001 ,  0.6131893846137588E-001 ,  0.1108829639347797E+002
-0.5853386421052631E+001 ,  0.6219658124995019E-001 ,  0.1117696733750439E+002
-0.5843938401913876E+001 ,  0.6309650113685016E-001 ,  0.1126589108795051E+002
-0.5834490382775120E+001 ,  0.6379895292427441E-001 ,  0.1135506242480968E+002
-0.5825042363636364E+001 ,  0.6424143894895316E-001 ,  0.1144447605645168E+002
-0.5815594344497608E+001 ,  0.6456513008424909E-001 ,  0.1153412661991587E+002
-0.5806146325358852E+001 ,  0.6500734287333118E-001 ,  0.1162400868122301E+002
-0.5796698306220096E+001 ,  0.6572204802343992E-001 ,  0.1171411673570167E+002
-0.5787250287081340E+001 ,  0.6666423641144842E-001 ,  0.1180444520833269E+002
-0.5777802267942584E+001 ,  0.6762506894942344E-001 ,  0.1189498845411085E+002
-0.5768354248803828E+001 ,  0.6839051443217146E-001 ,  0.1198574075842257E+002
-0.5758906229665072E+001 ,  0.6890313322195833E-001 ,  0.1207669633744205E+002
-0.5749458210526316E+001 ,  0.6930488002777167E-001 ,  0.1216784933854349E+002
-0.5740010191387560E+001 ,  0.6982917570955993E-001 ,  0.1225919384072975E+002
-0.5730562172248804E+001 ,  0.7062440969206847E-001 ,  0.1235072385508090E+002
-0.5721114153110048E+001 ,  0.7164242218042881E-001 ,  0.1244243332521646E+002
-0.5711666133971292E+001 ,  0.7267588322442298E-001 ,  0.1253431612777774E+002
-0.5702218114832537E+001 ,  0.7351572768254881E-001 ,  0.1262636607292477E+002
-0.5692770095693780E+001 ,  0.7410928464595044E-001 ,  0.1271857690485325E+002
-0.5683322076555024E+001 ,  0.7459968592255553E-001 ,  0.1281094230232662E+002
-0.5673874057416268E+001 ,  0.7521723524938063E-001 ,  0.1290345587922537E+002
-0.5664426038277512E+001 ,  0.7610531593763878E-001 ,  0.1299611118511537E+002
-0.5654978019138756E+001 ,  0.7721255938404094E-001 ,  0.1308890170583044E+002
-0.5645530000000000E+001 ,  0.7833250896478888E-001 ,  0.1318182086407645E+002
-0.5636081980861245E+001 ,  0.7926034851287105E-001 ,  0.1327486202004622E+002
-0.5626633961722488E+001 ,  0.7994793415646419E-001 ,  0.1336801847205857E+002
-0.5617185942583732E+001 ,  0.8054000051547323E-001 ,  0.1346128345720982E+002
-0.5607737923444977E+001 ,  0.8126450928525648E-001 ,  0.1355465015204177E+002
-0.5598289904306220E+001 ,  0.8226037822568953E-001 ,  0.1364811167323167E+002
-0.5588841885167464E+001 ,  0.8347293281249224E-001 ,  0.1374166107829316E+002
-0.5579393866028709E+001 ,  0.8469594038756029E-001 ,  0.1383529136629941E+002
-0.5569945846889953E+001 ,  0.8572814048079758E-001 ,  0.1392899547861860E+002
-0.5560497827751196E+001 ,  0.8652572146514567E-001 ,  0.1402276629966808E+002
-0.5551049808612441E+001 ,  0.8723548597848207E-001 ,  0.1411659665768638E+002
-0.5541601789473685E+001 ,  0.8808383548393720E-001 ,  0.1421047932552024E+002
-0.5532153770334928E+001 ,  0.8920573439278107E-001 ,  0.1430440702142861E+002
-0.5522705751196172E+001 ,  0.9054306431455143E-001 ,  0.1439837240990258E+002
-0.5513257732057417E+001 ,  0.9188914585312249E-001 ,  0.1449236810250366E+002
-0.5503809712918661E+001 ,  0.9304559797028795E-001 ,  0.1458638665871505E+002
-0.5494361693779904E+001 ,  0.9397279397952185E-001 ,  0.1468042058681302E+002
-0.5484913674641149E+001 ,  0.9482011803239138E-001 ,  0.1477446234474989E+002
-0.5475465655502393E+001 ,  0.9581321134990625E-001 ,  0.1486850434105753E+002
-0.5466017636363636E+001 ,  0.9708357518041548E-001 ,  0.1496253893576319E+002
-0.5456569617224881E+001 ,  0.9856946578552918E-001 ,  0.1505655844132267E+002
-0.5447121598086125E+001 ,  0.1000630563445550E+000 ,  0.1515055512356902E+002
-0.5437673578947368E+001 ,  0.1013681793920106E+000 ,  0.1524452120267545E+002
-0.5428225559808613E+001 ,  0.1024492955337360E+000 ,  0.1533844885413602E+002
-0.5418777540669857E+001 ,  0.1034589433308226E+000 ,  0.1543233020975868E+002
-0.5409329521531101E+001 ,  0.1046228351961866E+000 ,  0.1552615735867564E+002
-0.5399881502392345E+001 ,  0.1060694841220813E+000 ,  0.1561992234836627E+002
-0.5390433483253589E+001 ,  0.1077332924020869E+000 ,  0.1571361718569790E+002
-0.5380985464114833E+001 ,  0.1094045454487361E+000 ,  0.1580723383797729E+002
-0.5371537444976077E+001 ,  0.1108886275258447E+000 ,  0.1590076423402026E+002
-0.5362089425837321E+001 ,  0.1121540427401563E+000 ,  0.1599420026523249E+002
-0.5352641406698565E+001 ,  0.1133571305770847E+000 ,  0.1608753378670645E+002
-0.5343193387559809E+001 ,  0.1147245533801347E+000 ,  0.1618075661833098E+002
-0.5333745368421053E+001 ,  0.1163823030639622E+000 ,  0.1627386054591441E+002
-0.5324297349282297E+001 ,  0.1182606476725079E+000 ,  0.1636683732232250E+002
-0.5314849330143542E+001 ,  0.1201471939717139E+000 ,  0.1645967866862805E+002
-0.5305401311004784E+001 ,  0.1218482140781529E+000 ,  0.1655237627527460E+002
-0.5295953291866029E+001 ,  0.1233362726088214E+000 ,  0.1664492180325258E+002
-0.5286505272727273E+001 ,  0.1247722485884331E+000 ,  0.1673730688528745E+002
-0.5277057253588517E+001 ,  0.1263846999155042E+000 ,  0.1682952312704183E+002
-0.5267609234449761E+001 ,  0.1282975658644604E+000 ,  0.1692156210832858E+002
-0.5258161215311005E+001 ,  0.1304366428877063E+000 ,  0.1701341538433602E+002
-0.5248713196172249E+001 ,  0.1325860054664996E+000 ,  0.1710507448686516E+002
-0.5239265177033493E+001 ,  0.1345521422701237E+000 ,  0.1719653092557858E+002
-0.5229817157894737E+001 ,  0.1363117670407062E+000 ,  0.1728777618925879E+002
-0.5220369138755981E+001 ,  0.1380311535168756E+000 ,  0.1737880174708147E+002
-0.5210921119617225E+001 ,  0.1399417926172470E+000 ,  0.1746959904989485E+002
-0.5201473100478469E+001 ,  0.1421660520699866E+000 ,  0.1756015953151340E+002
-0.5192025081339713E+001 ,  0.1446248562633520E+000 ,  0.1765047461001880E+002
-0.5182577062200957E+001 ,  0.1470978174510891E+000 ,  0.1774053568907318E+002
-0.5173129043062201E+001 ,  0.1493909580626423E+000 ,  0.1783033415924052E+002
-0.5163681023923445E+001 ,  0.1514853176392936E+000 ,  0.1791986139931816E+002
-0.5154233004784690E+001 ,  0.1535535694127806E+000 ,  0.1800910877767813E+002
-0.5144784985645933E+001 ,  0.1558312994733507E+000 ,  0.1809806765361549E+002
-0.5135336966507177E+001 ,  0.1584398131399338E+000 ,  0.1818672937870662E+002
-0.5125888947368422E+001 ,  0.1612946929412573E+000 ,  0.1827508529817645E+002
-0.5116440928229665E+001 ,  0.1641700681234658E+000 ,  0.1836312675227133E+002
-0.5106992909090909E+001 ,  0.1668707991519792E+000 ,  0.1845084507764220E+002
-0.5097544889952154E+001 ,  0.1693825411236294E+000 ,  0.1853823160873404E+002
-0.5088096870813398E+001 ,  0.1718855668601253E+000 ,  0.1862527767918149E+002
-0.5078648851674641E+001 ,  0.1746208891539551E+000 ,  0.1871197462321355E+002
-0.5069200832535886E+001 ,  0.1777093101255743E+000 ,  0.1879831377706252E+002
-0.5059752813397130E+001 ,  0.1810605262768205E+000 ,  0.1888428648038025E+002
-0.5050304794258373E+001 ,  0.1844420577695604E+000 ,  0.1896988407766070E+002
-0.5040856775119618E+001 ,  0.1876568981732015E+000 ,  0.1905509791966646E+002
-0.5031408755980862E+001 ,  0.1906957594711032E+000 ,  0.1913991936486240E+002
-0.5021960736842106E+001 ,  0.1937479744638707E+000 ,  0.1922433978085196E+002
-0.5012512717703349E+001 ,  0.1970615465333971E+000 ,  0.1930835054582245E+002
-0.5003064698564594E+001 ,  0.2007574171932777E+000 ,  0.1939194304998648E+002
-0.4993616679425838E+001 ,  0.2047387772056525E+000 ,  0.1947510869703654E+002
-0.4984168660287081E+001 ,  0.2087652944881353E+000 ,  0.1955783890559817E+002
-0.4974720641148325E+001 ,  0.2126373953584496E+000 ,  0.1964012511068449E+002
-0.4965272622009570E+001 ,  0.2163515020220786E+000 ,  0.1972195876516099E+002
-0.4955824602870814E+001 ,  0.2201078232044227E+000 ,  0.1980333134120321E+002
-0.4946376583732057E+001 ,  0.2241632412664797E+000 ,  0.1988423433176406E+002
-0.4936928564593302E+001 ,  0.2286396160263454E+000 ,  0.1996465925204038E+002
-0.4927480545454546E+001 ,  0.2334329457376241E+000 ,  0.2004459764094144E+002
-0.4918032526315789E+001 ,  0.2382936825894921E+000 ,  0.2012404106255622E+002
-0.4908584507177034E+001 ,  0.2430190233004572E+000 ,  0.2020298110762679E+002
-0.4899136488038278E+001 ,  0.2476120631581015E+000 ,  0.2028140939501592E+002
-0.4889688468899521E+001 ,  0.2522862030475159E+000 ,  0.2035931757317953E+002
-0.4880240449760766E+001 ,  0.2573095576770886E+000 ,  0.2043669732163579E+002
-0.4870792430622010E+001 ,  0.2628059086341137E+000 ,  0.2051354035243662E+002
-0.4861344411483254E+001 ,  0.2686633382121630E+000 ,  0.2058983841163507E+002
-0.4851896392344498E+001 ,  0.2746216172929577E+000 ,  0.2066558328075295E+002
-0.4842448373205742E+001 ,  0.2804741608934790E+000 ,  0.2074076677824732E+002
-0.4833000354066986E+001 ,  0.2862321725684948E+000 ,  0.2081538076097324E+002
-0.4823552334928230E+001 ,  0.2921252908932239E+000 ,  0.2088941712564602E+002
-0.4814104315789474E+001 ,  0.2984359053531652E+000 ,  0.2096286781029868E+002
-0.4804656296650718E+001 ,  0.3052911013957152E+000 ,  0.2103572479573767E+002
-0.4795208277511962E+001 ,  0.3125703636371167E+000 ,  0.2110798010699500E+002
-0.4785760258373206E+001 ,  0.3200012820958374E+000 ,  0.2117962581477557E+002
-0.4776312239234450E+001 ,  0.3273731986851645E+000 ,  0.2125065403690026E+002
-0.4766864220095695E+001 ,  0.3347076155590877E+000 ,  0.2132105693974636E+002
-0.4757416200956938E+001 ,  0.3422545633628739E+000 ,  0.2139082673968078E+002
-0.4747968181818182E+001 ,  0.3503148137444144E+000 ,  0.2145995570448796E+002
-0.4738520162679426E+001 ,  0.3590207988844141E+000 ,  0.2152843615479313E+002
-0.4729072143540670E+001 ,  0.3682429495432272E+000 ,  0.2159626046548072E+002
-0.4719624124401914E+001 ,  0.3776953228989742E+000 ,  0.2166342106710184E+002
-0.4710176105263158E+001 ,  0.3871634697689323E+000 ,  0.2172991044728037E+002
-0.4700728086124403E+001 ,  0.3966826508300528E+000 ,  0.2179572115210776E+002
-0.4691280066985646E+001 ,  0.4065292151566487E+000 ,  0.2186084578753249E+002
-0.4681832047846890E+001 ,  0.4170281557808412E+000 ,  0.2192527702074009E+002
-0.4672384028708134E+001 ,  0.4283204987032354E+000 ,  0.2198900758152776E+002
-0.4662936009569378E+001 ,  0.4402678094469220E+000 ,  0.2205203026366553E+002
-0.4653487990430622E+001 ,  0.4525698493405962E+000 ,  0.2211433792625430E+002
-0.4644039971291866E+001 ,  0.4650098956979194E+000 ,  0.2217592349506906E+002
-0.4634591952153110E+001 ,  0.4776426834955859E+000 ,  0.2223677996389592E+002
-0.4625143933014354E+001 ,  0.4907798085476577E+000 ,  0.2229690039585859E+002
-0.4615695913875598E+001 ,  0.5047793156933561E+000 ,  0.2235627792473250E+002
-0.4606247894736843E+001 ,  0.5197963818109808E+000 ,  0.2241490575625146E+002
-0.4596799875598086E+001 ,  0.5356855034912693E+000 ,  0.2247277716939969E+002
-0.4587351856459330E+001 ,  0.5521330248777818E+000 ,  0.2252988551769444E+002
-0.4577903837320575E+001 ,  0.5689241538441162E+000 ,  0.2258622423045788E+002
-0.4568455818181818E+001 ,  0.5861430790041422E+000 ,  0.2264178681407429E+002
-0.4559007799043062E+001 ,  0.6041510142360784E+000 ,  0.2269656685323556E+002
-0.4549559779904307E+001 ,  0.6233534277248980E+000 ,  0.2275055801217532E+002
-0.4540111760765551E+001 ,  0.6439299062906066E+000 ,  0.2280375403588956E+002
-0.4530663741626794E+001 ,  0.6657335585076982E+000 ,  0.2285614875134063E+002
-0.4521215722488038E+001 ,  0.6884423850816506E+000 ,  0.2290773606865378E+002
-0.4511767703349283E+001 ,  0.7118537499128131E+000 ,  0.2295850998229180E+002
-0.4502319684210526E+001 ,  0.7360999151547136E+000 ,  0.2300846457222329E+002
-0.4492871665071770E+001 ,  0.7616167565905819E+000 ,  0.2305759400506896E+002
-0.4483423645933015E+001 ,  0.7888826597554511E+000 ,  0.2310589253523883E+002
-0.4473975626794259E+001 ,  0.8181221283190001E+000 ,  0.2315335450604902E+002
-0.4464527607655502E+001 ,  0.8492020925139530E+000 ,  0.2319997435082747E+002
-0.4455079588516747E+001 ,  0.8818079312868634E+000 ,  0.2324574659400056E+002
-0.4445631569377991E+001 ,  0.9157735619674140E+000 ,  0.2329066585216390E+002
-0.4436183550239234E+001 ,  0.9513169005250582E+000 ,  0.2333472683513720E+002
-0.4426735531100479E+001 ,  0.9889964118113167E+000 ,  0.2337792434700441E+002
-0.4417287511961723E+001 ,  0.1029413343240193E+001 ,  0.2342025328713112E+002
-0.4407839492822966E+001 ,  0.1072881783085590E+001 ,  0.2346170865117028E+002
-0.4398391473684211E+001 ,  0.1119322127018051E+001 ,  0.2350228553204777E+002
-0.4388943454545455E+001 ,  0.1168470824459295E+001 ,  0.2354197912092923E+002
-0.4379495435406699E+001 ,  0.1220258383013061E+001 ,  0.2358078470817098E+002
-0.4370047416267942E+001 ,  0.1275071504702099E+001 ,  0.2361869768424851E+002
-0.4360599397129187E+001 ,  0.1333693438403450E+001 ,  0.2365571354067290E+002
-0.4351151377990431E+001 ,  0.1396957730712389E+001 ,  0.2369182787088089E+002
-0.4341703358851674E+001 ,  0.1465375021119586E+001 ,  0.2372703637110995E+002
-0.4332255339712919E+001 ,  0.1539025775304577E+001 ,  0.2376133484125489E+002
-0.4322807320574163E+001 ,  0.1617819343663829E+001 ,  0.2379471918569726E+002
-0.4313359301435407E+001 ,  0.1701940134315731E+001 ,  0.2382718541412780E+002
-0.4303911282296650E+001 ,  0.1792147824994543E+001 ,  0.2385872964233655E+002
-0.4294463263157895E+001 ,  0.1889696276020276E+001 ,  0.2388934809298757E+002
-0.4285015244019139E+001 ,  0.1995922179795996E+001 ,  0.2391903709637350E+002
-0.4275567224880382E+001 ,  0.2111816685581330E+001 ,  0.2394779309114924E+002
-0.4266119205741627E+001 ,  0.2237925685288295E+001 ,  0.2397561262504257E+002
-0.4256671186602871E+001 ,  0.2374688794043118E+001 ,  0.2400249235554577E+002
-0.4247223167464115E+001 ,  0.2522991582857223E+001 ,  0.2402842905058395E+002
-0.4237775148325359E+001 ,  0.2684526564474071E+001 ,  0.2405341958916462E+002
-0.4228327129186603E+001 ,  0.2861685898353766E+001 ,  0.2407746096199993E+002
-0.4218879110047847E+001 ,  0.3057062980050428E+001 ,  0.2410055027211615E+002
-0.4209431090909091E+001 ,  0.3272958412034969E+001 ,  0.2412268473543054E+002
-0.4199983071770335E+001 ,  0.3511315494633224E+001 ,  0.2414386168131172E+002
-0.4190535052631579E+001 ,  0.3774206724212803E+001 ,  0.2416407855311962E+002
-0.4181087033492823E+001 ,  0.4064569851190803E+001 ,  0.2418333290871644E+002
-0.4171639014354067E+001 ,  0.4386674593845383E+001 ,  0.2420162242095989E+002
-0.4162190995215311E+001 ,  0.4745978354853426E+001 ,  0.2421894487817227E+002
-0.4152742976076556E+001 ,  0.5148494321757128E+001 ,  0.2423529818458502E+002
-0.4143294956937799E+001 ,  0.5600202739481860E+001 ,  0.2425068036076210E+002
-0.4133846937799043E+001 ,  0.6107052295062373E+001 ,  0.2426508954400050E+002
-0.4124398918660288E+001 ,  0.6675666616707033E+001 ,  0.2427852398870243E+002
-0.4114950899521531E+001 ,  0.7314284311502695E+001 ,  0.2429098206673234E+002
-0.4105502880382775E+001 ,  0.8033167708542184E+001 ,  0.2430246226774275E+002
-0.4096054861244020E+001 ,  0.8843976899426430E+001 ,  0.2431296319948056E+002
-0.4086606842105263E+001 ,  0.9758261612410703E+001 ,  0.2432248358806761E+002
-0.4077158822966507E+001 ,  0.1078576307340591E+002 ,  0.2433102227825973E+002
-0.4067710803827751E+001 ,  0.1193314435671377E+002 ,  0.2433857823367811E+002
-0.4058262784688996E+001 ,  0.1320301488839702E+002 ,  0.2434515053702279E+002
-0.4048814765550239E+001 ,  0.1459220003155196E+002 ,  0.2435073839025226E+002
-0.4039366746411483E+001 ,  0.1608795280981790E+002 ,  0.2435534111475181E+002
-0.4029918727272728E+001 ,  0.1766176381348496E+002 ,  0.2435895815146568E+002
-0.4020470708133971E+001 ,  0.1926237703282954E+002 ,  0.2436158906101272E+002
-0.4011022688995215E+001 ,  0.2081152383403670E+002 ,  0.2436323352377405E+002
-0.4001574669856459E+001 ,  0.2220640695108850E+002 ,  0.2436389133995992E+002
-0.3992126650717703E+001 ,  0.2333129582399877E+002 ,  0.2436356242964712E+002
-0.3982678631578947E+001 ,  0.2407709108365994E+002 ,  0.2436224683279727E+002
-0.3973230612440191E+001 ,  0.2436389133995992E+002 ,  0.2435994470924867E+002
-0.3963782593301435E+001 ,  0.2415939567298808E+002 ,  0.2435665633868301E+002
-0.3954334574162679E+001 ,  0.2348671841163378E+002 ,  0.2435238212056884E+002
-0.3944886555023924E+001 ,  0.2241877890375999E+002 ,  0.2434712257408241E+002
-0.3935438535885167E+001 ,  0.2106130765650260E+002 ,  0.2434087833799946E+002
-0.3925990516746412E+001 ,  0.1953045777910685E+002 ,  0.2433365017056922E+002
-0.3916542497607655E+001 ,  0.1793228870602849E+002 ,  0.2432543894935811E+002
-0.3907094478468899E+001 ,  0.1634962820053818E+002 ,  0.2431624567107447E+002
-0.3897646459330144E+001 ,  0.1483813483912023E+002 ,  0.2430607145136511E+002
-0.3888198440191387E+001 ,  0.1342969228000149E+002 ,  0.2429491752459098E+002
-0.3878750421052632E+001 ,  0.1213922268478371E+002 ,  0.2428278524357662E+002
-0.3869302401913876E+001 ,  0.1097118562537940E+002 ,  0.2426967607933812E+002
-0.3859854382775119E+001 ,  0.9923791163323434E+001 ,  0.2425559162078357E+002
-0.3850406363636364E+001 ,  0.8990992721361135E+001 ,  0.2424053357439430E+002
-0.3840958344497608E+001 ,  0.8163494192944066E+001 ,  0.2422450376387951E+002
-0.3831510325358852E+001 ,  0.7429933777569097E+001 ,  0.2420750412980678E+002
-0.3822062306220096E+001 ,  0.6778543165448646E+001 ,  0.2418953672921320E+002
-0.3812614287081340E+001 ,  0.6198747737058778E+001 ,  0.2417060373518881E+002
-0.3803166267942584E+001 ,  0.5681973086448341E+001 ,  0.2415070743643809E+002
-0.3793718248803828E+001 ,  0.5221388727091673E+001 ,  0.2412985023682079E+002
-0.3784270229665072E+001 ,  0.4810999960911108E+001 ,  0.2410803465486579E+002
-0.3774822210526316E+001 ,  0.4444852022328702E+001 ,  0.2408526332326629E+002
-0.3765374191387560E+001 ,  0.4116901694872645E+001 ,  0.2406153898834700E+002
-0.3755926172248804E+001 ,  0.3821541272203797E+001 ,  0.2403686450951706E+002
-0.3746478153110048E+001 ,  0.3554270813071633E+001 ,  0.2401124285869163E+002
-0.3737030133971292E+001 ,  0.3311948710614633E+001 ,  0.2398467711969607E+002
-0.3727582114832536E+001 ,  0.3092412470990613E+001 ,  0.2395717048764992E+002
-0.3718134095693780E+001 ,  0.2893747290442506E+001 ,  0.2392872626832229E+002
-0.3708686076555024E+001 ,  0.2713723307186235E+001 ,  0.2389934787747339E+002
-0.3699238057416268E+001 ,  0.2549764410670709E+001 ,  0.2386903884016821E+002
-0.3689790038277512E+001 ,  0.2399398461223395E+001 ,  0.2383780279007414E+002
-0.3680342019138756E+001 ,  0.2260791893819976E+001 ,  0.2380564346873433E+002
-0.3670894000000000E+001 ,  0.2132940430557068E+001 ,  0.2377256472481795E+002
-0.3661445980861244E+001 ,  0.2015373291739949E+001 ,  0.2373857051335675E+002
-0.3651997961722488E+001 ,  0.1907600177304061E+001 ,  0.2370366489495335E+002
-0.3642549942583732E+001 ,  0.1808709566815681E+001 ,  0.2366785203497685E+002
-0.3633101923444976E+001 ,  0.1717393523374968E+001 ,  0.2363113620273180E+002
-0.3623653904306220E+001 ,  0.1632344974089978E+001 ,  0.2359352177061045E+002
-0.3614205885167464E+001 ,  0.1552702266646186E+001 ,  0.2355501321322526E+002
-0.3604757866028709E+001 ,  0.1478199491199515E+001 ,  0.2351561510652195E+002
-0.3595309846889952E+001 ,  0.1408918008953645E+001 ,  0.2347533212687362E+002
-0.3585861827751196E+001 ,  0.1344836707501438E+001 ,  0.2343416905015607E+002
-0.3576413808612441E+001 ,  0.1285519211020896E+001 ,  0.2339213075080329E+002
-0.3566965789473684E+001 ,  0.1230159482651379E+001 ,  0.2334922220084705E+002
-0.3557517770334929E+001 ,  0.1177931640238899E+001 ,  0.2330544846893562E+002
-0.3548069751196172E+001 ,  0.1128366766188522E+001 ,  0.2326081471933897E+002
-0.3538621732057416E+001 ,  0.1081471900495487E+001 ,  0.2321532621092841E+002
-0.3529173712918660E+001 ,  0.1037510499697789E+001 ,  0.2316898829615090E+002
-0.3519725693779904E+001 ,  0.9966191068184819E+000 ,  0.2312180641997544E+002
-0.3510277674641148E+001 ,  0.9585501727797228E+000 ,  0.2307378611882761E+002
-0.3500829655502392E+001 ,  0.9227260518317215E+000 ,  0.2302493301950907E+002
-0.3491381636363636E+001 ,  0.8885507090152891E+000 ,  0.2297525283809856E+002
-0.3481933617224881E+001 ,  0.8557359031804652E+000 ,  0.2292475137883701E+002
-0.3472485598086124E+001 ,  0.8243967732323368E+000 ,  0.2287343453299959E+002
-0.3463037578947368E+001 ,  0.7948523963213234E+000 ,  0.2282130827774883E+002
-0.3453589559808612E+001 ,  0.7672891790141700E+000 ,  0.2276837867497840E+002
-0.3444141540669857E+001 ,  0.7415420462490482E+000 ,  0.2271465187013616E+002
-0.3434693521531100E+001 ,  0.7171522598663702E+000 ,  0.2266013409103753E+002
-0.3425245502392344E+001 ,  0.6936492847828900E+000 ,  0.2260483164666395E+002
-0.3415797483253588E+001 ,  0.6708386163028672E+000 ,  0.2254875092594478E+002
-0.3406349464114832E+001 ,  0.6488797643200634E+000 ,  0.2249189839653102E+002
-0.3396901444976077E+001 ,  0.6281018020097919E+000 ,  0.2243428060355368E+002
-0.3387453425837320E+001 ,  0.6087015047899189E+000 ,  0.2237590416836654E+002
-0.3378005406698565E+001 ,  0.5905527316871164E+000 ,  0.2231677578728328E+002
-0.3368557387559809E+001 ,  0.5732662188777587E+000 ,  0.2225690223029633E+002
-0.3359109368421052E+001 ,  0.5564480003470907E+000 ,  0.2219629033978892E+002
-0.3349661349282297E+001 ,  0.5399575721441470E+000 ,  0.2213494702923217E+002
-0.3340213330143541E+001 ,  0.5239723341464486E+000 ,  0.2207287928187442E+002
-0.3330765311004785E+001 ,  0.5088147269036587E+000 ,  0.2201009414941777E+002
-0.3321317291866029E+001 ,  0.4946771460306011E+000 ,  0.2194659875068639E+002
-0.3311869272727272E+001 ,  0.4814529286502077E+000 ,  0.2188240027028280E+002
-0.3302421253588517E+001 ,  0.4687973353577599E+000 ,  0.2181750595723723E+002
-0.3292973234449761E+001 ,  0.4563673675051430E+000 ,  0.2175192312364527E+002
-0.3283525215311005E+001 ,  0.4440565299587229E+000 ,  0.2168565914329897E+002
-0.3274077196172249E+001 ,  0.4320485790422325E+000 ,  0.2161872145030890E+002
-0.3264629177033493E+001 ,  0.4206537798112252E+000 ,  0.2155111753771655E+002
-0.3255181157894737E+001 ,  0.4100549522922337E+000 ,  0.2148285495610202E+002
-0.3245733138755981E+001 ,  0.4001555188633722E+000 ,  0.2141394131218205E+002
-0.3236285119617225E+001 ,  0.3906413525882783E+000 ,  0.2134438426740214E+002
-0.3226837100478469E+001 ,  0.3812056912822218E+000 ,  0.2127419153652156E+002
-0.3217389081339713E+001 ,  0.3717651210096625E+000 ,  0.2120337088619291E+002
-0.3207941062200957E+001 ,  0.3625046650739335E+000 ,  0.2113193013353492E+002
-0.3198493043062201E+001 ,  0.3537212743304558E+000 ,  0.2105987714470089E+002
-0.3189045023923445E+001 ,  0.3455868313409983E+000 ,  0.2098721983344060E+002
-0.3179597004784689E+001 ,  0.3380099786944640E+000 ,  0.2091396615965832E+002
-0.3170148985645933E+001 ,  0.3306987356875108E+000 ,  0.2084012412796731E+002
-0.3160700966507177E+001 ,  0.3233733891742532E+000 ,  0.2076570178623760E+002
-0.3151252947368421E+001 ,  0.3159671963085151E+000 ,  0.2069070722414395E+002
-0.3141804928229665E+001 ,  0.3086642978241378E+000 ,  0.2061514857170653E+002
-0.3132356909090909E+001 ,  0.3017489435198291E+000 ,  0.2053903399783097E+002
-0.3122908889952153E+001 ,  0.2953822617492609E+000 ,  0.2046237170884715E+002
-0.3113460870813397E+001 ,  0.2894754191234488E+000 ,  0.2038516994704174E+002
-0.3104012851674641E+001 ,  0.2837530246686373E+000 ,  0.2030743698919247E+002
-0.3094564832535885E+001 ,  0.2779562858081795E+000 ,  0.2022918114509967E+002
-0.3085116813397129E+001 ,  0.2720311407565078E+000 ,  0.2015041075611625E+002
-0.3075668794258374E+001 ,  0.2661600971721025E+000 ,  0.2007113419367936E+002
-0.3066220775119617E+001 ,  0.2606159691892217E+000 ,  0.1999135985783616E+002
-0.3056772755980862E+001 ,  0.2555499023774798E+000 ,  0.1991109617577705E+002
-0.3047324736842105E+001 ,  0.2508739858762951E+000 ,  0.1983035160036245E+002
-0.3037876717703349E+001 ,  0.2463255290583266E+000 ,  0.1974913460865487E+002
-0.3028428698564594E+001 ,  0.2416623387770922E+000 ,  0.1966745370044963E+002
-0.3018980679425837E+001 ,  0.2368404261658604E+000 ,  0.1958531739680826E+002
-0.3009532660287081E+001 ,  0.2320406001677856E+000 ,  0.1950273423859153E+002
-0.3000084641148326E+001 ,  0.2275256914479004E+000 ,  0.1941971278499725E+002
-0.2990636622009569E+001 ,  0.2234378128533917E+000 ,  0.1933626161209985E+002
-0.2981188602870813E+001 ,  0.2196889511290766E+000 ,  0.1925238931139176E+002
-0.2971740583732058E+001 ,  0.2160262410759724E+000 ,  0.1916810448832659E+002
-0.2962292564593302E+001 ,  0.2122209000336009E+000 ,  0.1908341576087025E+002
-0.2952844545454545E+001 ,  0.2082372390692514E+000 ,  0.1899833175805206E+002
-0.2943396526315789E+001 ,  0.2042546428462387E+000 ,  0.1891286111852117E+002
-0.2933948507177034E+001 ,  0.2005274028345877E+000 ,  0.1882701248910650E+002
-0.2924500488038277E+001 ,  0.1971895533921069E+000 ,  0.1874079452338341E+002
-0.2915052468899521E+001 ,  0.1941522675954913E+000 ,  0.1865421588024455E+002
-0.2905604449760766E+001 ,  0.1911702803164887E+000 ,  0.1856728522247532E+002
-0.2896156430622010E+001 ,  0.1880257757524037E+000 ,  0.1848001121533604E+002
-0.2886708411483253E+001 ,  0.1846901230358667E+000 ,  0.1839240252514971E+002
-0.2877260392344497E+001 ,  0.1813417257822192E+000 ,  0.1830446781789760E+002
-0.2867812373205742E+001 ,  0.1782276969165476E+000 ,  0.1821621575781862E+002
-0.2858364354066985E+001 ,  0.1754748801970481E+000 ,  0.1812765500601878E+002
-0.2848916334928230E+001 ,  0.1729930977364566E+000 ,  0.1803879421908550E+002
-0.2839468315789474E+001 ,  0.1705428928109884E+000 ,  0.1794964204771244E+002
-0.2830020296650718E+001 ,  0.1679154843021525E+000 ,  0.1786020713532773E+002
-0.2820572277511962E+001 ,  0.1650884112923633E+000 ,  0.1777049811673643E+002
-0.2811124258373205E+001 ,  0.1622396220733617E+000 ,  0.1768052361676543E+002
-0.2801676239234450E+001 ,  0.1596103052906112E+000 ,  0.1759029224892076E+002
-0.2792228220095694E+001 ,  0.1573209116838593E+000 ,  0.1749981261405440E+002
-0.2782780200956938E+001 ,  0.1552794716272146E+000 ,  0.1740909329903711E+002
-0.2773332181818182E+001 ,  0.1532508444136361E+000 ,  0.1731814287544389E+002
-0.2763884162679426E+001 ,  0.1510337147138271E+000 ,  0.1722696989824853E+002
-0.2754436143540670E+001 ,  0.1486111493250503E+000 ,  0.1713558290452781E+002
-0.2744988124401914E+001 ,  0.1461612062059609E+000 ,  0.1704399041217584E+002
-0.2735540105263158E+001 ,  0.1439202980799404E+000 ,  0.1695220091863096E+002
-0.2726092086124402E+001 ,  0.1420031865852836E+000 ,  0.1686022289961124E+002
-0.2716644066985646E+001 ,  0.1403157212773673E+000 ,  0.1676806480786157E+002
-0.2707196047846890E+001 ,  0.1386257966637235E+000 ,  0.1667573507191440E+002
-0.2697748028708134E+001 ,  0.1367382597329036E+000 ,  0.1658324209485918E+002
-0.2688300009569378E+001 ,  0.1346412406442330E+000 ,  0.1649059425312515E+002
-0.2678851990430622E+001 ,  0.1325134905109050E+000 ,  0.1639779989527644E+002
-0.2669403971291866E+001 ,  0.1305876986926081E+000 ,  0.1630486734081813E+002
-0.2659955952153110E+001 ,  0.1289735532688117E+000 ,  0.1621180487901794E+002
-0.2650507933014354E+001 ,  0.1275743584380970E+000 ,  0.1611862076773559E+002
-0.2641059913875598E+001 ,  0.1261599149857248E+000 ,  0.1602532323227049E+002
-0.2631611894736842E+001 ,  0.1245401271479119E+000 ,  0.1593192046421998E+002
-0.2622163875598086E+001 ,  0.1227078578140516E+000 ,  0.1583842062034969E+002
-0.2612715856459330E+001 ,  0.1208431444489151E+000 ,  0.1574483182148086E+002
-0.2603267837320574E+001 ,  0.1191759232838545E+000 ,  0.1565116215138913E+002
-0.2593819818181818E+001 ,  0.1178113443901220E+000 ,  0.1555741965571683E+002
-0.2584371799043062E+001 ,  0.1166498092884669E+000 ,  0.1546361234090149E+002
-0.2574923779904306E+001 ,  0.1154620056391825E+000 ,  0.1536974817311737E+002
-0.2565475760765550E+001 ,  0.1140619408515669E+000 ,  0.1527583507723084E+002
-0.2556027741626794E+001 ,  0.1124469842755293E+000 ,  0.1518188093577210E+002
-0.2546579722488038E+001 ,  0.1107990603615166E+000 ,  0.1508789358792061E+002
-0.2537131703349282E+001 ,  0.1093462541488709E+000 ,  0.1499388082850554E+002
-0.2527683684210526E+001 ,  0.1081896421848294E+000 ,  0.1489985040702163E+002
-0.2518235665071770E+001 ,  0.1072263614486447E+000 ,  0.1480581002666034E+002
-0.2508787645933015E+001 ,  0.1062270454420163E+000 ,  0.1471176734335560E+002
-0.2499339626794258E+001 ,  0.1050089671664245E+000 ,  0.1461772996484685E+002
-0.2489891607655502E+001 ,  0.1035738606966177E+000 ,  0.1452370544975603E+002
-0.2480443588516747E+001 ,  0.1021061468792940E+000 ,  0.1442970130668079E+002
-0.2470995569377990E+001 ,  0.1008329065780220E+000 ,  0.1433572499330387E+002
-0.2461547550239234E+001 ,  0.9985154458556487E-001 ,  0.1424178391551941E+002
-0.2452099531100479E+001 ,  0.9905555834502382E-001 ,  0.1414788542657273E+002
-0.2442651511961722E+001 ,  0.9821464073450664E-001 ,  0.1405403682621964E+002
-0.2433203492822966E+001 ,  0.9714858349834439E-001 ,  0.1396024535989978E+002
-0.2423755473684211E+001 ,  0.9586341475743872E-001 ,  0.1386651821792688E+002
-0.2414307454545455E+001 ,  0.9454667333671195E-001 ,  0.1377286253469571E+002
-0.2404859435406698E+001 ,  0.9342524033204751E-001 ,  0.1367928538790674E+002
-0.2395411416267943E+001 ,  0.9259319517816127E-001 ,  0.1358579379780481E+002
-0.2385963397129186E+001 ,  0.9194000085199737E-001 ,  0.1349239472643710E+002
-0.2376515377990430E+001 ,  0.9123355886571943E-001 ,  0.1339909507692598E+002
-0.2367067358851675E+001 ,  0.9029550389985685E-001 ,  0.1330590169276286E+002
-0.2357619339712918E+001 ,  0.8913614940902306E-001 ,  0.1321282135711065E+002
-0.2348171320574163E+001 ,  0.8794679056604567E-001 ,  0.1311986079213163E+002
-0.2338723301435406E+001 ,  0.8695488168673030E-001 ,  0.1302702665832898E+002
-0.2329275282296650E+001 ,  0.8625147408438157E-001 ,  0.1293432555390436E+002
-0.2319827263157895E+001 ,  0.8572157554827847E-001 ,  0.1284176401413423E+002
-0.2310379244019138E+001 ,  0.8513046573535016E-001 ,  0.1274934851076248E+002
-0.2300931224880383E+001 ,  0.8430100212495278E-001 ,  0.1265708545141054E+002
-0.2291483205741627E+001 ,  0.8324783080881014E-001 ,  0.1256498117900450E+002
-0.2282035186602871E+001 ,  0.8216666387324284E-001 ,  0.1247304197121989E+002
-0.2272587167464115E+001 ,  0.8128628058430749E-001 ,  0.1238127403994236E+002
-0.2263139148325359E+001 ,  0.8069495732009378E-001 ,  0.1228968353074771E+002
-0.2253691129186603E+001 ,  0.8027279473898499E-001 ,  0.1219827652239633E+002
-0.2244243110047847E+001 ,  0.7978162724198529E-001 ,  0.1210705902634802E+002
-0.2234795090909091E+001 ,  0.7904495839104222E-001 ,  0.1201603698629072E+002
-0.2225347071770335E+001 ,  0.7808186662368939E-001 ,  0.1192521627768970E+002
-0.2215899052631579E+001 ,  0.7709316969438253E-001 ,  0.1183460270735030E+002
-0.2206451033492823E+001 ,  0.7630971159754713E-001 ,  0.1174420201300200E+002
-0.2197003014354067E+001 ,  0.7581720699680135E-001 ,  0.1165401986289566E+002
-0.2187554995215311E+001 ,  0.7549036090400066E-001 ,  0.1156406185542004E+002
-0.2178106976076555E+001 ,  0.7508673454109090E-001 ,  0.1147433351873483E+002
-0.2168658956937799E+001 ,  0.7442993430977128E-001 ,  0.1138484031042057E+002
-0.2159210937799043E+001 ,  0.7354362131684052E-001 ,  0.1129558761714629E+002
-0.2149762918660287E+001 ,  0.7263444243221924E-001 ,  0.1120658075435233E+002
-0.2140314899521531E+001 ,  0.7193604283611511E-001 ,  0.1111782496595115E+002
-0.2130866880382775E+001 ,  0.7153175188626780E-001 ,  0.1102932542404634E+002
-0.2121418861244019E+001 ,  0.7129034834588786E-001 ,  0.1094108722866454E+002
-0.2111970842105263E+001 ,  0.7096427720620453E-001 ,  0.1085311540750775E+002
-0.2102522822966507E+001 ,  0.7037672970898966E-001 ,  0.1076541491572054E+002
-0.2093074803827751E+001 ,  0.6955615026276378E-001 ,  0.1067799063567366E+002
-0.2083626784688995E+001 ,  0.6871578001156002E-001 ,  0.1059084737676455E+002
-0.2074178765550239E+001 ,  0.6809280659916342E-001 ,  0.1050398987523403E+002
-0.2064730746411483E+001 ,  0.6776831598419374E-001 ,  0.1041742279399890E+002
-0.2055282727272727E+001 ,  0.6760458212822577E-001 ,  0.1033115072250169E+002
-0.2045834708133971E+001 ,  0.6734806559784656E-001 ,  0.1024517817657483E+002
-0.2036386688995215E+001 ,  0.6682104278212821E-001 ,  0.1015950959832277E+002
-0.2026938669856460E+001 ,  0.6605699330362505E-001 ,  0.1007414935601837E+002
-0.2017490650717703E+001 ,  0.6527656703901694E-001 ,  0.9989101744014976E+001
-0.2008042631578947E+001 ,  0.6472124802096192E-001 ,  0.9904370982675943E+001
-0.1998594612440192E+001 ,  0.6446998775442768E-001 ,  0.9819961218318090E+001
-0.1989146593301435E+001 ,  0.6437792252621524E-001 ,  0.9735876523170159E+001
-0.1979698574162680E+001 ,  0.6418462539202602E-001 ,  0.9652120895348633E+001
-0.1970250555023923E+001 ,  0.6371097055315025E-001 ,  0.9568698258846013E+001
-0.1960802535885167E+001 ,  0.6299577816361895E-001 ,  0.9485612463537052E+001
-0.1951354516746412E+001 ,  0.6226797884197334E-001 ,  0.9402867285197201E+001
-0.1941906497607655E+001 ,  0.6177412726214320E-001 ,  0.9320466425537468E+001
-0.1932458478468899E+001 ,  0.6159111728891612E-001 ,  0.9238413512253642E+001
-0.1923010459330143E+001 ,  0.6156625332536650E-001 ,  0.9156712099089225E+001
-0.1913562440191387E+001 ,  0.6143127318247685E-001 ,  0.9075365665914070E+001
-0.1904114421052631E+001 ,  0.6100516870209900E-001 ,  0.8994377618815969E+001
-0.1894666401913875E+001 ,  0.6033246252066374E-001 ,  0.8913751290206612E+001
-0.1885218382775119E+001 ,  0.5965130459164482E-001 ,  0.8833489938942384E+001
-0.1875770363636363E+001 ,  0.5921412250401979E-001 ,  0.8753596750457218E+001
-0.1866322344497608E+001 ,  0.5909579732396539E-001 ,  0.8674074836911071E+001
-0.1856874325358851E+001 ,  0.5913503822742301E-001 ,  0.8594927237349703E+001
-0.1847426306220096E+001 ,  0.5905474540332896E-001 ,  0.8516156917879382E+001
-0.1837978287081339E+001 ,  0.5867155071671236E-001 ,  0.8437766771854069E+001
-0.1828530267942583E+001 ,  0.5803610220203710E-001 ,  0.8359759620075652E+001
-0.1819082248803828E+001 ,  0.5739678429146557E-001 ,  0.8282138211006721E+001
-0.1809634229665071E+001 ,  0.5701273565350967E-001 ,  0.8204905220996070E+001
-0.1800186210526316E+001 ,  0.5695683694617481E-001 ,  0.8128063254517244E+001
-0.1790738191387560E+001 ,  0.5705836091754608E-001 ,  0.8051614844418333E+001
-0.1781290172248803E+001 ,  0.5703030266624860E-001 ,  0.7975562452184651E+001
-0.1771842153110048E+001 ,  0.5668645486605185E-001 ,  0.7899908468213373E+001
-0.1762394133971292E+001 ,  0.5608408031408900E-001 ,  0.7824655212098029E+001
-0.1752946114832536E+001 ,  0.5548290069781103E-001 ,  0.7749804932928276E+001
-0.1743498095693780E+001 ,  0.5514964803470308E-001 ,  0.7675359809597698E+001
-0.1734050076555024E+001 ,  0.5515518141359788E-001 ,  0.7601321951124305E+001
-0.1724602057416268E+001 ,  0.5531840830239689E-001 ,  0.7527693396981758E+001
-0.1715154038277512E+001 ,  0.5534127505246483E-001 ,  0.7454476117440993E+001
-0.1705706019138756E+001 ,  0.5503425055038995E-001 ,  0.7381672013923532E+001
-0.1696258000000000E+001 ,  0.5446177490627591E-001 ,  0.7309282919363966E+001
-0.1686809980861244E+001 ,  0.5389610989423847E-001 ,  0.7237310598584206E+001
-0.1677361961722488E+001 ,  0.5361251599872850E-001 ,  0.7165756748676183E+001
-0.1667913942583732E+001 ,  0.5367977432111555E-001 ,  0.7094622999395332E+001
-0.1658465923444976E+001 ,  0.5390539952373872E-001 ,  0.7023910913563751E+001
-0.1649017904306220E+001 ,  0.5397905742560783E-001 ,  0.6953621987483046E+001
-0.1639569885167464E+001 ,  0.5370739967750910E-001 ,  0.6883757651355486E+001
-0.1630121866028708E+001 ,  0.5316268758218468E-001 ,  0.6814319269715190E+001
-0.1620673846889952E+001 ,  0.5263103992450827E-001 ,  0.6745308141868223E+001
-0.1611225827751196E+001 ,  0.5239724311687729E-001 ,  0.6676725502340798E+001
-0.1601777808612440E+001 ,  0.5252790630791194E-001 ,  0.6608572521336680E+001
-0.1592329789473684E+001 ,  0.5281801274465912E-001 ,  0.6540850305202204E+001
-0.1582881770334928E+001 ,  0.5294361483587477E-001 ,  0.6473559896899951E+001
-0.1573433751196172E+001 ,  0.5270704152434666E-001 ,  0.6406702276490391E+001
-0.1563985732057416E+001 ,  0.5218911029052457E-001 ,  0.6340278361620622E+001
-0.1554537712918660E+001 ,  0.5169124396124999E-001 ,  0.6274289008021423E+001
-0.1545089693779904E+001 ,  0.5150882520205699E-001 ,  0.6208735010011191E+001
-0.1535641674641148E+001 ,  0.5170615686969988E-001 ,  0.6143617101006960E+001
-0.1526193655502392E+001 ,  0.5206442714149861E-001 ,  0.6078935954042757E+001
-0.1516745636363636E+001 ,  0.5224462689100727E-001 ,  0.6014692182294033E+001
-0.1507297617224880E+001 ,  0.5204424202889153E-001 ,  0.5950886339609687E+001
-0.1497849598086124E+001 ,  0.5155348404477588E-001 ,  0.5887518921049271E+001
-0.1488401578947368E+001 ,  0.5109067541335723E-001 ,  0.5824590363426788E+001
-0.1478953559808613E+001 ,  0.5096295017311984E-001 ,  0.5762101045861147E+001
-0.1469505540669856E+001 ,  0.5123212691394980E-001 ,  0.5700051290330928E+001
-0.1460057521531101E+001 ,  0.5166419440770554E-001 ,  0.5638441362236356E+001
-0.1450609502392345E+001 ,  0.5190350314754644E-001 ,  0.5577271470965096E+001
-0.1441161483253588E+001 ,  0.5174215849485094E-001 ,  0.5516541770464354E+001
-0.1431713464114832E+001 ,  0.5128072082283539E-001 ,  0.5456252359817264E+001
-0.1422265444976077E+001 ,  0.5085617803621591E-001 ,  0.5396403283824637E+001
-0.1412817425837320E+001 ,  0.5078866935570990E-001 ,  0.5336994533590609E+001
-0.1403369406698564E+001 ,  0.5113730402793181E-001 ,  0.5278026047113304E+001
-0.1393921387559809E+001 ,  0.5165130903972007E-001 ,  0.5219497709879453E+001
-0.1384473368421052E+001 ,  0.5195666812448859E-001 ,  0.5161409355462924E+001
-0.1375025349282296E+001 ,  0.5183954984707997E-001 ,  0.5103760766127178E+001
-0.1365577330143541E+001 ,  0.5141195280876708E-001 ,  0.5046551673431479E+001
-0.1356129311004784E+001 ,  0.5103149205497585E-001 ,  0.4989781758840464E+001
-0.1346681291866028E+001 ,  0.5103268123537333E-001 ,  0.4933450654336760E+001
-0.1337233272727273E+001 ,  0.5147164489275890E-001 ,  0.4877557943037290E+001
-0.1327785253588516E+001 ,  0.5207910887875303E-001 ,  0.4822103159811596E+001
-0.1318337234449760E+001 ,  0.5246079830228514E-001 ,  0.4767085791903713E+001
-0.1308889215311005E+001 ,  0.5239636989815381E-001 ,  0.4712505279555904E+001
-0.1299441196172249E+001 ,  0.5201050625450326E-001 ,  0.4658361016635679E+001
-0.1289993177033492E+001 ,  0.5168363874441802E-001 ,  0.4604652351263700E+001
-0.1280545157894737E+001 ,  0.5176616124117516E-001 ,  0.4551378586444750E+001
-0.1271097138755981E+001 ,  0.5231088607435253E-001 ,  0.4498538980699871E+001
-0.1261649119617224E+001 ,  0.5302810178772714E-001 ,  0.4446132748700961E+001
-0.1252201100478469E+001 ,  0.5350119917108743E-001 ,  0.4394159061905535E+001
-0.1242753081339713E+001 ,  0.5350273214737544E-001 ,  0.4342617049194539E+001
-0.1233305062200956E+001 ,  0.5317149822674049E-001 ,  0.4291505797509411E+001
-0.1223857043062201E+001 ,  0.5291320197262004E-001 ,  0.4240824352491629E+001
-0.1214409023923445E+001 ,  0.5309578807091734E-001 ,  0.4190571719122322E+001
-0.1204961004784689E+001 ,  0.5376837864182665E-001 ,  0.4140746862362576E+001
-0.1195512985645932E+001 ,  0.5461867290433303E-001 ,  0.4091348707794611E+001
-0.1186064966507177E+001 ,  0.5520545105815366E-001 ,  0.4042376142262536E+001
-0.1176616947368421E+001 ,  0.5529356605152629E-001 ,  0.3993828014514397E+001
-0.1167168928229664E+001 ,  0.5503758642637054E-001 ,  0.3945703135843023E+001
-0.1157720909090909E+001 ,  0.5487126871053420E-001 ,  0.3898000280727192E+001
-0.1148272889952153E+001 ,  0.5518198461665536E-001 ,  0.3850718187473030E+001
-0.1138824870813397E+001 ,  0.5601474760748612E-001 ,  0.3803855558853985E+001
-0.1129376851674641E+001 ,  0.5703228592867000E-001 ,  0.3757411062750855E+001
-0.1119928832535885E+001 ,  0.5776628216404271E-001 ,  0.3711383332791508E+001
-0.1110480813397129E+001 ,  0.5797330441703922E-001 ,  0.3665770968987901E+001
-0.1101032794258373E+001 ,  0.5782563393259169E-001 ,  0.3620572538374185E+001
-0.1091584775119617E+001 ,  0.5778825913763543E-001 ,  0.3575786575642621E+001
-0.1082136755980861E+001 ,  0.5827012554355559E-001 ,  0.3531411583777535E+001
-0.1072688736842105E+001 ,  0.5931170854498671E-001 ,  0.3487446034689516E+001
-0.1063240717703349E+001 ,  0.6054815649366688E-001 ,  0.3443888369846487E+001
-0.1053792698564593E+001 ,  0.6148136535931783E-001 ,  0.3400737000903513E+001
-0.1044344679425838E+001 ,  0.6185909890850384E-001 ,  0.3357990310331254E+001
-0.1034896660287081E+001 ,  0.6187367955965702E-001 ,  0.3315646652041491E+001
-0.1025448641148325E+001 ,  0.6202503729352939E-001 ,  0.3273704352011890E+001
-0.1016000622009570E+001 ,  0.6274622400950848E-001 ,  0.3232161708906704E+001
-0.1006552602870813E+001 ,  0.6407281230538603E-001 ,  0.3191016994696918E+001
-0.9971045837320571E+000 ,  0.6560958078554287E-001 ,  0.3150268455276784E+001
-0.9876565645933018E+000 ,  0.6682580746720629E-001 ,  0.3109914311078185E+001
-0.9782085454545455E+000 ,  0.6746011500840629E-001 ,  0.3069952757682203E+001
-0.9687605263157888E+000 ,  0.6772777386773318E-001 ,  0.3030381966428030E+001
-0.9593125071770339E+000 ,  0.6816813133502503E-001 ,  0.2991200085018272E+001
-0.9498644880382776E+000 ,  0.6924149431709668E-001 ,  0.2952405238122645E+001
-0.9404164688995209E+000 ,  0.7097842313144459E-001 ,  0.2913995527976647E+001
-0.9309684497607646E+000 ,  0.7295052081680471E-001 ,  0.2875969034978606E+001
-0.9215204306220097E+000 ,  0.7459167081514098E-001 ,  0.2838323818282424E+001
-0.9120724114832530E+000 ,  0.7563149326444847E-001 ,  0.2801057916387209E+001
-0.9026243923444968E+000 ,  0.7631210415079590E-001 ,  0.2764169347723247E+001
-0.8931763732057418E+000 ,  0.7721800809866312E-001 ,  0.2727656111234625E+001
-0.8837283540669851E+000 ,  0.7884105042664064E-001 ,  0.2691516186957537E+001
-0.8742803349282289E+000 ,  0.8120742158752836E-001 ,  0.2655747536595261E+001
-0.8648323157894739E+000 ,  0.8385322528375304E-001 ,  0.2620348104089151E+001
-0.8553842966507172E+000 ,  0.8617481493534260E-001 ,  0.2585315816185427E+001
-0.8459362775119610E+000 ,  0.8789419625504689E-001 ,  0.2550648582997913E+001
-0.8364882583732061E+000 ,  0.8928622662728038E-001 ,  0.2516344298566894E+001
-0.8270402392344494E+000 ,  0.9098877716750339E-001 ,  0.2482400841413253E+001
-0.8175922200956931E+000 ,  0.9353196808472017E-001 ,  0.2448816075088753E+001
-0.8081442009569377E+000 ,  0.9694039598323603E-001 ,  0.2415587848721633E+001
-0.7986961818181815E+000 ,  0.1007143211967870E+000 ,  0.2382713997557782E+001
-0.7892481626794252E+000 ,  0.1042128427520715E+000 ,  0.2350192343497472E+001
-0.7798001435406698E+000 ,  0.1071552144693246E+000 ,  0.2318020695627299E+001
-0.7703521244019136E+000 ,  0.1098597144560501E+000 ,  0.2286196850747769E+001
-0.7609041052631573E+000 ,  0.1130315807145506E+000 ,  0.2254718593895666E+001
-0.7514560861244020E+000 ,  0.1172521607552716E+000 ,  0.2223583698862086E+001
-0.7420080669856457E+000 ,  0.1225535374154607E+000 ,  0.2192789928705415E+001
-0.7325600478468894E+000 ,  0.1284064945271891E+000 ,  0.2162335036259346E+001
-0.7231120287081341E+000 ,  0.1341412029010927E+000 ,  0.2132216764635902E+001
-0.7136640095693778E+000 ,  0.1394894574549082E+000 ,  0.2102432847723784E+001
-0.7042159904306216E+000 ,  0.1448369697771829E+000 ,  0.2072981010680945E+001
-0.6947679712918653E+000 ,  0.1509863291408767E+000 ,  0.2043858970422959E+001
-0.6853199521531099E+000 ,  0.1586010377819560E+000 ,  0.2015064436105329E+001
-0.6758719330143537E+000 ,  0.1677494399752316E+000 ,  0.1986595109601265E+001
-0.6664239138755974E+000 ,  0.1779013956045591E+000 ,  0.1958448685973820E+001
-0.6569758947368420E+000 ,  0.1883929210111901E+000 ,  0.1930622853942858E+001
-0.6475278755980858E+000 ,  0.1990163009029964E+000 ,  0.1903115296346677E+001
-0.6380798564593295E+000 ,  0.2102885837613908E+000 ,  0.1875923690598258E+001
-0.6286318373205741E+000 ,  0.2231863842009107E+000 ,  0.1849045709136201E+001
-0.6191838181818179E+000 ,  0.2385383922926912E+000 ,  0.1822479019870056E+001
-0.6097357990430616E+000 ,  0.2565344490323408E+000 ,  0.1796221286620441E+001
-0.6002877799043063E+000 ,  0.2767330500152937E+000 ,  0.1770270169553172E+001
-0.5908397607655500E+000 ,  0.2985772231064128E+000 ,  0.1744623325608585E+001
-0.5813917416267937E+000 ,  0.3220383995621103E+000 ,  0.1719278408924872E+001
-0.5719437224880384E+000 ,  0.3478973045976221E+000 ,  0.1694233071255860E+001
-0.5624957033492821E+000 ,  0.3774323243974435E+000 ,  0.1669484962383232E+001
-0.5530476842105259E+000 ,  0.4117292067207781E+000 ,  0.1645031730523400E+001
-0.5435996650717705E+000 ,  0.4511160248880129E+000 ,  0.1620871022728353E+001
-0.5341516459330142E+000 ,  0.4951357097763392E+000 ,  0.1597000485281120E+001
-0.5247036267942580E+000 ,  0.5430520059861709E+000 ,  0.1573417764085624E+001
-0.5152556076555026E+000 ,  0.5944520719715197E+000 ,  0.1550120505050848E+001
-0.5058075885167463E+000 ,  0.6493943968515966E+000 ,  0.1527106354469095E+001
-0.4963595693779901E+000 ,  0.7078612011594152E+000 ,  0.1504372959388980E+001
-0.4869115502392347E+000 ,  0.7688003179175573E+000 ,  0.1481917967982294E+001
-0.4774635311004785E+000 ,  0.8294023653417184E+000 ,  0.1459739029905682E+001
-0.4680155119617222E+000 ,  0.8851813705014984E+000 ,  0.1437833796656277E+001
-0.4585674928229655E+000 ,  0.9309486358576536E+000 ,  0.1416199921921596E+001
-0.4491194736842106E+000 ,  0.9622170938624763E+000 ,  0.1394835061924180E+001
-0.4396714545454543E+000 ,  0.9763267207674313E+000 ,  0.1373736875760063E+001
-0.4302234354066976E+000 ,  0.9727992485419116E+000 ,  0.1352903025731767E+001
-0.4207754162679427E+000 ,  0.9529383212415278E+000 ,  0.1332331177675822E+001
-0.4113273971291860E+000 ,  0.9191177572965398E+000 ,  0.1312019001284195E+001
-0.4018793779904297E+000 ,  0.8742552076207935E+000 ,  0.1291964170420462E+001
-0.3924313588516748E+000 ,  0.8216539657105191E+000 ,  0.1272164363429927E+001
-0.3829833397129181E+000 ,  0.7649941526419668E+000 ,  0.1252617263444609E+001
-0.3735353205741618E+000 ,  0.7081007235388826E+000 ,  0.1233320558682141E+001
-0.3640873014354069E+000 ,  0.6543328880377689E+000 ,  0.1214271942739290E+001
-0.3546392822966502E+000 ,  0.6058424354326333E+000 ,  0.1195469114879836E+001
-0.3451912631578939E+000 ,  0.5631906147209251E+000 ,  0.1176909780316911E+001
-0.3357432440191390E+000 ,  0.5256649649674003E+000 ,  0.1158591650489610E+001
-0.3262952248803823E+000 ,  0.4921782274718781E+000 ,  0.1140512443334316E+001
-0.3168472057416261E+000 ,  0.4622016809530907E+000 ,  0.1122669883550333E+001
-0.3073991866028711E+000 ,  0.4361282391447981E+000 ,  0.1105061702860024E+001
-0.2979511674641144E+000 ,  0.4148499740812231E+000 ,  0.1087685640263488E+001
-0.2885031483253582E+000 ,  0.3989009170320887E+000 ,  0.1070539442287936E+001
-0.2790551291866028E+000 ,  0.3878383361412270E+000 ,  0.1053620863231412E+001
-0.2696071100478465E+000 ,  0.3803604425601439E+000 ,  0.1036927665401159E+001
-0.2601590909090903E+000 ,  0.3751015214504925E+000 ,  0.1020457619346898E+001
-0.2507110717703349E+000 ,  0.3715181645135018E+000 ,  0.1004208504088155E+001
-0.2412630526315787E+000 ,  0.3701852238179432E+000 ,  0.9881781073370148E+000
-0.2318150334928224E+000 ,  0.3722430010749508E+000 ,  0.9723642257150522E+000
-0.2223670143540661E+000 ,  0.3783712370090845E+000 ,  0.9567646649652005E+000
-0.2129189952153108E+000 ,  0.3880340502091338E+000 ,  0.9413772401584533E+000
-0.2034709760765545E+000 ,  0.3995559706227830E+000 ,  0.9261997758952044E+000
-0.1940229569377983E+000 ,  0.4109795407127488E+000 ,  0.9112301065016774E+000
-0.1845749377990429E+000 ,  0.4210742542100890E+000 ,  0.8964660762210840E+000
-0.1751269186602866E+000 ,  0.4297574372902235E+000 ,  0.8819055393996186E+000
-0.1656788995215304E+000 ,  0.4376410219741358E+000 ,  0.8675463606677507E+000
-0.1562308803827750E+000 ,  0.4450949118459379E+000 ,  0.8533864151160577E+000
-0.1467828612440187E+000 ,  0.4515987991771099E+000 ,  0.8394235884665283E+000
-0.1373348421052625E+000 ,  0.4559366063087015E+000 ,  0.8256557772385564E+000
-0.1278868229665071E+000 ,  0.4571242427206271E+000 ,  0.8120808889103616E+000
-0.1184388038277508E+000 ,  0.4553568590379849E+000 ,  0.7986968420755022E+000
-0.1089907846889946E+000 ,  0.4521930166475632E+000 ,  0.7855015665943142E+000
-0.9954276555023922E-001 ,  0.4497383555793440E+000 ,  0.7724930037409723E+000
-0.9009474641148296E-001 ,  0.4493547603855059E+000 ,  0.7596691063456550E+000
-0.8064672727272670E-001 ,  0.4508212180683552E+000 ,  0.7470278389319415E+000
-0.7119870813397133E-001 ,  0.4525839564627498E+000 ,  0.7345671778497854E+000
-0.6175068899521508E-001 ,  0.4529468305998499E+000 ,  0.7222851114038428E+000
-0.5230266985645882E-001 ,  0.4513480749201568E+000 ,  0.7101796399769936E+000
-0.4285465071770345E-001 ,  0.4487847858304361E+000 ,  0.6982487761500336E+000
-0.3340663157894719E-001 ,  0.4470654896988646E+000 ,  0.6864905448159936E+000
-0.2395861244019093E-001 ,  0.4474443888373453E+000 ,  0.6749029832909503E+000
-0.1451059330143556E-001 ,  0.4496627958781928E+000 ,  0.6634841414198331E+000
-0.5062574162679301E-002 ,  0.4521268125137800E+000 ,  0.6522320816783886E+000
 0.4385444976077402E-002 ,  0.4530951854739195E+000 ,  0.6411448792705211E+000
 0.1383346411483366E-001 ,  0.4519788401375943E+000 ,  0.6302206222216883E+000
 0.2328148325358903E-001 ,  0.4497569725583460E+000 ,  0.6194574114680494E+000
 0.3272950239234529E-001 ,  0.4481823862627823E+000 ,  0.6088533609413992E+000
 0.4217752153110155E-001 ,  0.4483834737115190E+000 ,  0.5984065976503087E+000
 0.5162554066985692E-001 ,  0.4499550577202002E+000 ,  0.5881152617568752E+000
 0.6107355980861318E-001 ,  0.4512757536756488E+000 ,  0.5779775066499381E+000
 0.7052157894736943E-001 ,  0.4508445553184079E+000 ,  0.5679914990140111E+000
 0.7996959808612480E-001 ,  0.4486097941544678E+000 ,  0.5581554188946780E+000
 0.8941761722488106E-001 ,  0.4462143005074142E+000 ,  0.5484674597597866E+000
 0.9886563636363732E-001 ,  0.4458736169625675E+000 ,  0.5389258285574015E+000
 0.1083136555023927E+000 ,  0.4486613039511784E+000 ,  0.5295287457695178E+000
 0.1177616746411490E+000 ,  0.4534895461131255E+000 ,  0.5202744454625716E+000
 0.1272096937799052E+000 ,  0.4576217055181178E+000 ,  0.5111611753339663E+000
 0.1366577129186606E+000 ,  0.4584384192407912E+000 ,  0.5021871967554690E+000
 0.1461057320574168E+000 ,  0.4552234438077539E+000 ,  0.4933507848125170E+000
 0.1555537511961731E+000 ,  0.4496725076963399E+000 ,  0.4846502283408327E+000
 0.1650017703349285E+000 ,  0.4447367240655359E+000 ,  0.4760838299589022E+000
 0.1744497894736847E+000 ,  0.4426340358057563E+000 ,  0.4676499060976354E+000
 0.1838978086124410E+000 ,  0.4434819599931983E+000 ,  0.4593467870264725E+000
 0.1933458277511964E+000 ,  0.4455396398095251E+000 ,  0.4511728168763252E+000
 0.2027938468899526E+000 ,  0.4468282088375257E+000 ,  0.4431263536593327E+000
 0.2122418660287089E+000 ,  0.4468411745194665E+000 ,  0.4352057692855156E+000
 0.2216898851674642E+000 ,  0.4469760341103184E+000 ,  0.4274094495761587E+000
 0.2311379043062205E+000 ,  0.4493010933973294E+000 ,  0.4197357942744702E+000
 0.2405859234449768E+000 ,  0.4545869483911424E+000 ,  0.4121832170530146E+000
 0.2500339425837321E+000 ,  0.4611694938269423E+000 ,  0.4047501455183020E+000
 0.2594819617224884E+000 ,  0.4656491111920116E+000 ,  0.3974350212124571E+000
 0.2689299808612446E+000 ,  0.4650554289775541E+000 ,  0.3902362996121517E+000
 0.2783780000000009E+000 ,  0.4589478316063687E+000 ,  0.3831524501246934E+000
 0.2878260191387563E+000 ,  0.4498813568851536E+000 ,  0.3761819560813734E+000
 0.2972740382775125E+000 ,  0.4418232276656945E+000 ,  0.3693233147281516E+000
 0.3067220574162688E+000 ,  0.4376199612491186E+000 ,  0.3625750372138056E+000
 0.3161700765550242E+000 ,  0.4373467783611552E+000 ,  0.3559356485753594E+000
 0.3256180956937804E+000 ,  0.4387374733612908E+000 ,  0.3494036877211560E+000
 0.3350661148325367E+000 ,  0.4393361595345719E+000 ,  0.3429777074112443E+000
 0.3445141339712920E+000 ,  0.4386943986431575E+000 ,  0.3366562742356164E+000
 0.3539621531100483E+000 ,  0.4388735560939573E+000 ,  0.3304379685897751E+000
 0.3634101722488046E+000 ,  0.4427888446805925E+000 ,  0.3243213846482409E+000
 0.3728581913875599E+000 ,  0.4516090778356766E+000 ,  0.3183051303356601E+000
 0.3823062105263162E+000 ,  0.4632267447170714E+000 ,  0.3123878272956164E+000
 0.3917542296650725E+000 ,  0.4730891283496149E+000 ,  0.3065681108574691E+000
 0.4012022488038278E+000 ,  0.4769331270458820E+000 ,  0.3008446300008966E+000
 0.4106502679425841E+000 ,  0.4734968559231318E+000 ,  0.2952160473183469E+000
 0.4200982870813403E+000 ,  0.4652232901421396E+000 ,  0.2896810389756746E+000
 0.4295463062200957E+000 ,  0.4564157276916659E+000 ,  0.2842382946704294E+000
 0.4389943253588520E+000 ,  0.4501970465295188E+000 ,  0.2788865175886455E+000
 0.4484423444976082E+000 ,  0.4465362860681537E+000 ,  0.2736244243593343E+000
 0.4578903636363636E+000 ,  0.4428168226069072E+000 ,  0.2684507450073964E+000
 0.4673383827751199E+000 ,  0.4364907631837732E+000 ,  0.2633642229046405E+000
 0.4767864019138761E+000 ,  0.4277433867427155E+000 ,  0.2583636147190672E+000
 0.4862344210526315E+000 ,  0.4200321243662762E+000 ,  0.2534476903624140E+000
 0.4956824401913877E+000 ,  0.4179552435411831E+000 ,  0.2486152329360756E+000
 0.5051304593301440E+000 ,  0.4239678409013455E+000 ,  0.2438650386753753E+000
 0.5145784784689003E+000 ,  0.4364199206133699E+000 ,  0.2391959168923860E+000
 0.5240264976076556E+000 ,  0.4504693729153290E+000 ,  0.2346066899169470E+000
 0.5334745167464119E+000 ,  0.4612725611924307E+000 ,  0.2300961930365354E+000
 0.5429225358851681E+000 ,  0.4670967682144774E+000 ,  0.2256632744344002E+000
 0.5523705550239235E+000 ,  0.4700025658849884E+000 ,  0.2213067951265040E+000
 0.5618185741626798E+000 ,  0.4735651204831846E+000 ,  0.2170256288969825E+000
 0.5712665933014360E+000 ,  0.4793930482856025E+000 ,  0.2128186622323497E+000
 0.5807146124401914E+000 ,  0.4852027855308643E+000 ,  0.2086847942544343E+000
 0.5901626315789477E+000 ,  0.4860915072539619E+000 ,  0.2046229366519393E+000
 0.5996106507177039E+000 ,  0.4782053278058059E+000 ,  0.2006320136110900E+000
 0.6090586698564593E+000 ,  0.4620672038055550E+000 ,  0.1967109617448190E+000
 0.6185066889952155E+000 ,  0.4429327247333161E+000 ,  0.1928587300210879E+000
 0.6279547081339718E+000 ,  0.4276915049452039E+000 ,  0.1890742796899233E+000
 0.6374027272727272E+000 ,  0.4204567141757798E+000 ,  0.1853565842096130E+000
 0.6468507464114834E+000 ,  0.4200832221936725E+000 ,  0.1817046291717137E+000
 0.6562987655502397E+000 ,  0.4215177849637834E+000 ,  0.1781174122252660E+000
 0.6657467846889951E+000 ,  0.4200407253895713E+000 ,  0.1745939429999819E+000
 0.6751948038277513E+000 ,  0.4152292056250410E+000 ,  0.1711332430285165E+000
 0.6846428229665076E+000 ,  0.4115874801968551E+000 ,  0.1677343456680667E+000
 0.6940908421052630E+000 ,  0.4152447302673732E+000 ,  0.1643962960208931E+000
 0.7035388612440192E+000 ,  0.4291171114821159E+000 ,  0.1611181508543169E+000
 0.7129868803827755E+000 ,  0.4501908919915134E+000 ,  0.1578989785197933E+000
 0.7224348995215308E+000 ,  0.4710848024671640E+000 ,  0.1547378588712840E+000
 0.7318829186602871E+000 ,  0.4848513166106890E+000 ,  0.1516338831831178E+000
 0.7413309377990434E+000 ,  0.4894780976257119E+000 ,  0.1485861540670290E+000
 0.7507789569377996E+000 ,  0.4886932437748968E+000 ,  0.1455937853886322E+000
 0.7602269760765550E+000 ,  0.4884347392529080E+000 ,  0.1426559021833345E+000
 0.7696749952153112E+000 ,  0.4916745206830065E+000 ,  0.1397716405717780E+000
 0.7791230143540675E+000 ,  0.4956381135408063E+000 ,  0.1369401476745446E+000
 0.7885710334928229E+000 ,  0.4937187465022890E+000 ,  0.1341605815266297E+000
 0.7980190526315791E+000 ,  0.4807880872562575E+000 ,  0.1314321109913144E+000
 0.8074670717703363E+000 ,  0.4578738105138483E+000 ,  0.1287539156736609E+000
 0.8169150909090908E+000 ,  0.4324625466385508E+000 ,  0.1261251858335794E+000
 0.8263631100478470E+000 ,  0.4138986197784344E+000 ,  0.1235451222985408E+000
 0.8358111291866042E+000 ,  0.4071213814353389E+000 ,  0.1210129363760038E+000
 0.8452591483253586E+000 ,  0.4094229339678769E+000 ,  0.1185278497654583E+000
 0.8547071674641149E+000 ,  0.4128022317153525E+000 ,  0.1160890944702257E+000
 0.8641551866028720E+000 ,  0.4103148186827466E+000 ,  0.1136959127089746E+000
 0.8736032057416265E+000 ,  0.4017000188031652E+000 ,  0.1113475568270470E+000
 0.8830512248803828E+000 ,  0.3939490446831265E+000 ,  0.1090432892075925E+000
 0.8924992440191399E+000 ,  0.3962007234614779E+000 ,  0.1067823821824225E+000
 0.9019472631578944E+000 ,  0.4126814743972409E+000 ,  0.1045641179428625E+000
 0.9113952822966507E+000 ,  0.4390370809804759E+000 ,  0.1023877884503517E+000
 0.9208433014354078E+000 ,  0.4649830255453539E+000 ,  0.1002526953469990E+000
 0.9302913205741623E+000 ,  0.4814443580262384E+000 ,  0.9815814986602865E-001
 0.9397393397129186E+000 ,  0.4868448834985424E+000 ,  0.9610347274225203E-001
 0.9491873588516757E+000 ,  0.4876924867750757E+000 ,  0.9408799412237297E-001
 0.9586353779904302E+000 ,  0.4928644375618624E+000 ,  0.9211105347536722E-001
 0.9680833971291873E+000 ,  0.5058743514845946E+000 ,  0.9017199950287282E-001
 0.9775314162679436E+000 ,  0.5211486075992990E+000 ,  0.8827019004963789E-001
 0.9869794354066999E+000 ,  0.5274737986412601E+000 ,  0.8640499201381933E-001
 0.9964274545454552E+000 ,  0.5163254210729981E+000 ,  0.8457578125770648E-001
 0.1005875473684211E+001 ,  0.4888635223894677E+000 ,  0.8278194251822606E-001
 0.1015323492822968E+001 ,  0.4560891371560877E+000 ,  0.8102286931769419E-001
 0.1024771511961723E+001 ,  0.4316542727575183E+000 ,  0.7929796387471294E-001
 0.1034219531100479E+001 ,  0.4224379113175777E+000 ,  0.7760663701518730E-001
