-0.1597000000000001E+002, 
-0.1591000000000001E+002, 
-0.1584999999999999E+002, 
-0.1579000000000000E+002, 
-0.1572999999999999E+002, 
-0.1567000000000000E+002, 
-0.1561000000000000E+002, 
-0.1555000000000000E+002, 
-0.1549000000000001E+002, 
-0.1543000000000000E+002, 
-0.1536999999999999E+002, 
-0.1531000000000000E+002, 
-0.1525000000000000E+002, 
-0.1519000000000000E+002, 
-0.1513000000000000E+002, 
-0.1507000000000001E+002, 
-0.1501000000000000E+002, 
-0.1494999999999999E+002, 
-0.1489000000000000E+002, 
-0.1483000000000000E+002, 
-0.1477000000000000E+002, 
-0.1471000000000000E+002, 
-0.1465000000000001E+002, 
-0.1459000000000000E+002, 
-0.1453000000000000E+002, 
-0.1447000000000000E+002, 
-0.1441000000000000E+002, 
-0.1435000000000000E+002, 
-0.1429000000000000E+002, 
-0.1423000000000001E+002, 
-0.1417000000000000E+002, 
-0.1411000000000000E+002, 
-0.1405000000000001E+002, 
-0.1398999999999999E+002, 
-0.1393000000000000E+002, 
-0.1387000000000000E+002, 
-0.1381000000000000E+002, 
-0.1375000000000000E+002, 
-0.1369000000000000E+002, 
-0.1363000000000000E+002, 
-0.1357000000000000E+002, 
-0.1351000000000000E+002, 
-0.1345000000000000E+002, 
-0.1339000000000000E+002, 
-0.1333000000000000E+002, 
-0.1327000000000000E+002, 
-0.1321000000000000E+002, 
-0.1315000000000000E+002, 
-0.1309000000000000E+002, 
-0.1303000000000000E+002, 
-0.1297000000000000E+002, 
-0.1291000000000000E+002, 
-0.1285000000000000E+002, 
-0.1279000000000000E+002, 
-0.1273000000000000E+002, 
-0.1267000000000001E+002, 
-0.1261000000000000E+002, 
-0.1255000000000000E+002, 
-0.1249000000000000E+002, 
-0.1243000000000000E+002, 
-0.1237000000000000E+002, 
-0.1231000000000001E+002, 
-0.1225000000000000E+002, 
-0.1219000000000000E+002, 
-0.1213000000000000E+002, 
-0.1207000000000000E+002, 
-0.1200999999999999E+002, 
-0.1195000000000000E+002, 
-0.1189000000000000E+002, 
-0.1183000000000001E+002, 
-0.1177000000000000E+002, 
-0.1171000000000000E+002, 
-0.1165000000000000E+002, 
-0.1159000000000000E+002, 
-0.1153000000000000E+002, 
-0.1147000000000000E+002, 
-0.1141000000000000E+002, 
-0.1135000000000000E+002, 
-0.1128999999999999E+002, 
-0.1123000000000000E+002, 
-0.1117000000000000E+002, 
-0.1111000000000000E+002, 
-0.1105000000000000E+002, 
-0.1099000000000000E+002, 
-0.1093000000000000E+002, 
-0.1087000000000000E+002, 
-0.1081000000000000E+002, 
-0.1075000000000000E+002, 
-0.1069000000000000E+002, 
-0.1063000000000000E+002, 
-0.1057000000000000E+002, 
-0.1051000000000000E+002, 
-0.1045000000000000E+002, 
-0.1039000000000000E+002, 
-0.1033000000000000E+002, 
-0.1027000000000000E+002, 
-0.1021000000000000E+002, 
-0.1015000000000000E+002, 
-0.1009000000000000E+002, 
-0.1003000000000000E+002, 
-0.9970000000000002E+001, 
-0.9909999999999998E+001, 
-0.9850000000000001E+001, 
-0.9789999999999997E+001, 
-0.9730000000000000E+001, 
-0.9670000000000002E+001, 
-0.9609999999999999E+001, 
-0.9550000000000002E+001, 
-0.9489999999999998E+001, 
-0.9430000000000001E+001, 
-0.9370000000000003E+001, 
-0.9310000000000000E+001, 
-0.9250000000000002E+001, 
-0.9190000000000005E+001, 
-0.9130000000000001E+001, 
-0.9070000000000004E+001, 
-0.9010000000000002E+001, 
-0.8949999999999998E+001, 
-0.8890000000000001E+001, 
-0.8830000000000002E+001, 
-0.8770000000000000E+001, 
-0.8710000000000001E+001, 
-0.8650000000000004E+001, 
-0.8590000000000012E+001, 
-0.8529999999999998E+001, 
-0.8470000000000006E+001, 
-0.8409999999999997E+001, 
-0.8349999999999994E+001, 
-0.8290000000000001E+001, 
-0.8230000000000004E+001, 
-0.8170000000000005E+001, 
-0.8109999999999998E+001, 
-0.8050000000000001E+001, 
-0.7989999999999997E+001, 
-0.7929999999999999E+001, 
-0.7870000000000001E+001, 
-0.7810000000000004E+001, 
-0.7750000000000001E+001, 
-0.7689999999999998E+001, 
-0.7630000000000000E+001, 
-0.7569999999999997E+001, 
-0.7509999999999999E+001, 
-0.7450000000000001E+001, 
-0.7390000000000003E+001, 
-0.7330000000000000E+001, 
-0.7270000000000003E+001, 
-0.7210000000000000E+001, 
-0.7149999999999997E+001, 
-0.7089999999999999E+001, 
-0.7030000000000001E+001, 
-0.6970000000000003E+001, 
-0.6910000000000000E+001, 
-0.6850000000000002E+001, 
-0.6790000000000005E+001, 
-0.6729999999999997E+001, 
-0.6669999999999999E+001, 
-0.6610000000000007E+001, 
-0.6550000000000003E+001, 
-0.6489999999999995E+001, 
-0.6430000000000002E+001, 
-0.6370000000000005E+001, 
-0.6309999999999996E+001, 
-0.6249999999999999E+001, 
-0.6190000000000001E+001, 
-0.6130000000000003E+001, 
-0.6070000000000000E+001, 
-0.6010000000000002E+001, 
-0.5950000000000005E+001, 
-0.5889999999999996E+001, 
-0.5829999999999998E+001, 
-0.5770000000000001E+001, 
-0.5710000000000004E+001, 
-0.5650000000000000E+001, 
-0.5590000000000003E+001, 
-0.5530000000000005E+001, 
-0.5470000000000002E+001, 
-0.5409999999999998E+001, 
-0.5350000000000001E+001, 
-0.5290000000000004E+001, 
-0.5230000000000000E+001, 
-0.5170000000000003E+001, 
-0.5110000000000005E+001, 
-0.5050000000000002E+001, 
-0.4990000000000004E+001, 
-0.4930000000000001E+001, 
-0.4869999999999997E+001, 
-0.4810000000000000E+001, 
-0.4749999999999996E+001, 
-0.4690000000000005E+001, 
-0.4629999999999996E+001, 
-0.4570000000000004E+001, 
-0.4509999999999990E+001, 
-0.4449999999999998E+001, 
-0.4390000000000000E+001, 
-0.4330000000000002E+001, 
-0.4269999999999999E+001, 
-0.4210000000000002E+001, 
-0.4150000000000004E+001, 
-0.4090000000000001E+001, 
-0.4029999999999998E+001, 
-0.3970000000000000E+001, 
-0.3909999999999997E+001, 
-0.3849999999999999E+001, 
-0.3790000000000001E+001, 
-0.3730000000000004E+001, 
-0.3670000000000000E+001, 
-0.3609999999999997E+001, 
-0.3550000000000000E+001, 
-0.3489999999999997E+001, 
-0.3429999999999999E+001, 
-0.3370000000000001E+001, 
-0.3310000000000004E+001, 
-0.3250000000000000E+001, 
-0.3190000000000003E+001, 
-0.3129999999999999E+001, 
-0.3069999999999997E+001, 
-0.3009999999999999E+001, 
-0.2950000000000006E+001, 
-0.2889999999999998E+001, 
-0.2830000000000006E+001, 
-0.2769999999999997E+001, 
-0.2710000000000005E+001, 
-0.2649999999999991E+001, 
-0.2589999999999999E+001, 
-0.2530000000000001E+001, 
-0.2470000000000003E+001, 
-0.2410000000000000E+001, 
-0.2350000000000003E+001, 
-0.2290000000000005E+001, 
-0.2229999999999996E+001, 
-0.2169999999999999E+001, 
-0.2110000000000001E+001, 
-0.2050000000000003E+001, 
-0.1990000000000000E+001, 
-0.1930000000000002E+001, 
-0.1870000000000005E+001, 
-0.1809999999999996E+001, 
-0.1749999999999999E+001, 
-0.1690000000000001E+001, 
-0.1630000000000003E+001, 
-0.1570000000000000E+001, 
-0.1510000000000002E+001, 
-0.1450000000000005E+001, 
-0.1390000000000002E+001, 
-0.1329999999999999E+001, 
-0.1270000000000001E+001, 
-0.1209999999999998E+001, 
-0.1150000000000000E+001, 
-0.1090000000000008E+001, 
-0.1029999999999999E+001, 
-0.9700000000000069E+000, 
-0.9099999999999930E+000, 
-0.8500000000000006E+000, 
-0.7899999999999922E+000, 
-0.7299999999999999E+000, 
-0.6700000000000021E+000, 
-0.6100000000000045E+000, 
-0.5500000000000014E+000, 
-0.4900000000000037E+000, 
-0.4299999999999952E+000, 
-0.3699999999999975E+000, 
-0.3099999999999998E+000, 
-0.2500000000000021E+000, 
-0.1899999999999990E+000, 
-0.1300000000000013E+000, 
-0.7000000000000361E-001, 
-0.1000000000000052E-001, 
 0.5000000000000258E-001, 
 0.1100000000000003E+000, 
 0.1699999999999980E+000, 
 0.2300000000000011E+000, 
 0.2899999999999988E+000, 
 0.3499999999999965E+000, 
 0.4099999999999996E+000, 
 0.4699999999999973E+000, 
 0.5300000000000058E+000, 
 0.5899999999999981E+000, 
 0.6499999999999958E+000, 
 0.7100000000000043E+000, 
 0.7700000000000019E+000, 
 0.8299999999999996E+000, 
 0.8899999999999973E+000, 
 0.9500000000000005E+000, 
 0.1009999999999998E+001, 
 0.1070000000000001E+001, 
 0.1130000000000002E+001, 
 0.1189999999999999E+001, 
 0.1250000000000005E+001, 
 0.1310000000000003E+001, 
 0.1370000000000001E+001, 
 0.1429999999999995E+001, 
 0.1489999999999993E+001, 
 0.1549999999999999E+001, 
 0.1609999999999997E+001, 
 0.1669999999999994E+001, 
 0.1730000000000000E+001, 
 0.1789999999999998E+001, 
 0.1850000000000001E+001, 
 0.1909999999999999E+001, 
 0.1969999999999999E+001, 
 0.2029999999999997E+001, 
 0.2090000000000000E+001, 
 0.2149999999999998E+001, 
 0.2210000000000004E+001, 
 0.2270000000000001E+001, 
 0.2329999999999996E+001, 
 0.2390000000000005E+001, 
 0.2450000000000000E+001, 
 0.2509999999999997E+001, 
 0.2570000000000000E+001, 
 0.2630000000000001E+001, 
 0.2689999999999999E+001, 
 0.2749999999999996E+001, 
 0.2809999999999999E+001, 
 0.2870000000000005E+001, 
 0.2930000000000003E+001, 
 0.2990000000000001E+001, 
 0.3050000000000006E+001, 
 0.3110000000000004E+001, 
 0.3170000000000002E+001, 
 0.3229999999999997E+001, 
 0.3289999999999994E+001, 
 0.3350000000000000E+001, 
 0.3409999999999998E+001, 
 0.3469999999999996E+001, 
 0.3529999999999996E+001, 
 0.3589999999999999E+001, 
 0.3649999999999997E+001, 
 0.3710000000000000E+001, 
 0.3770000000000000E+001, 
 0.3829999999999998E+001, 
 0.3890000000000001E+001, 
 0.3949999999999999E+001, 
 0.4009999999999999E+001, 
 0.4070000000000002E+001, 
 0.4130000000000000E+001, 
 0.4189999999999995E+001, 
 0.4250000000000004E+001, 
 0.4309999999999999E+001, 
 0.4369999999999997E+001, 
 0.4430000000000002E+001, 
 0.4489999999999999E+001, 
 0.4549999999999997E+001, 
 0.4609999999999995E+001, 
 0.4670000000000001E+001, 
 0.4730000000000004E+001, 
 0.4790000000000002E+001, 
 0.4850000000000000E+001, 
 0.4910000000000005E+001, 
 0.4970000000000002E+001, 
 0.5030000000000000E+001, 
 0.5089999999999995E+001, 
 0.5150000000000004E+001, 
 0.5209999999999999E+001, 
 0.5269999999999997E+001, 
 0.5329999999999995E+001, 
 0.5390000000000001E+001, 
 0.5449999999999998E+001, 
 0.5509999999999995E+001, 
 0.5570000000000001E+001, 
 0.5629999999999999E+001, 
 0.5689999999999997E+001, 
 0.5750000000000000E+001, 
 0.5810000000000000E+001, 
 0.5869999999999998E+001, 
 0.5930000000000001E+001, 
 0.5989999999999998E+001, 
 0.6050000000000004E+001, 
 0.6109999999999999E+001, 
 0.6169999999999997E+001, 
 0.6230000000000003E+001, 
 0.6290000000000001E+001, 
 0.6349999999999999E+001, 
 0.6409999999999997E+001, 
 0.6470000000000002E+001, 
 0.6529999999999999E+001, 
 0.6590000000000003E+001, 
 0.6650000000000000E+001, 
 0.6710000000000006E+001, 
 0.6770000000000004E+001, 
 0.6830000000000002E+001, 
 0.6890000000000000E+001, 
 0.6950000000000006E+001, 
 0.7010000000000002E+001, 
 0.7069999999999998E+001, 
 0.7129999999999995E+001, 
 0.7189999999999996E+001, 
 0.7249999999999999E+001, 
 0.7309999999999997E+001, 
 0.7369999999999995E+001, 
 0.7430000000000001E+001, 
 0.7489999999999998E+001, 
 0.7550000000000001E+001, 
 0.7610000000000001E+001, 
 0.7669999999999999E+001, 
 0.7730000000000002E+001, 
 0.7790000000000000E+001, 
 0.7850000000000001E+001, 
 0.7910000000000004E+001, 
 0.7969999999999999E+001, 
 0.8029999999999996E+001, 
 0.8089999999999996E+001, 
 0.8150000000000000E+001, 
 0.8209999999999997E+001, 
 0.8269999999999994E+001, 
 0.8330000000000000E+001, 
 0.8389999999999999E+001, 
 0.8450000000000001E+001, 
 0.8510000000000002E+001, 
 0.8570000000000006E+001, 
 0.8630000000000003E+001, 
 0.8690000000000001E+001, 
 0.8750000000000002E+001, 
 0.8810000000000004E+001, 
 0.8870000000000001E+001, 
 0.8929999999999996E+001, 
 0.8989999999999997E+001, 
 0.9050000000000001E+001, 
 0.9109999999999998E+001, 
 0.9169999999999996E+001, 
 0.9230000000000002E+001, 
 0.9289999999999999E+001, 
 0.9349999999999996E+001, 
 0.9410000000000002E+001, 
 0.9470000000000001E+001, 
 0.9529999999999998E+001, 
 0.9590000000000002E+001, 
 0.9650000000000002E+001, 
 0.9709999999999997E+001, 
 0.9770000000000003E+001, 
 0.9829999999999997E+001, 
 0.9889999999999997E+001, 
 0.9950000000000001E+001, 
 0.1001000000000000E+002, 
 0.1007000000000000E+002, 
 0.1013000000000000E+002, 
 0.1019000000000000E+002, 
 0.1025000000000000E+002, 
 0.1031000000000000E+002, 
 0.1037000000000000E+002, 
 0.1043000000000000E+002, 
 0.1049000000000000E+002, 
 0.1055000000000000E+002, 
 0.1061000000000000E+002, 
 0.1067000000000000E+002, 
 0.1073000000000000E+002, 
 0.1079000000000000E+002, 
 0.1085000000000000E+002, 
 0.1091000000000000E+002, 
 0.1097000000000000E+002, 
 0.1103000000000000E+002, 
 0.1109000000000000E+002, 
 0.1115000000000000E+002, 
 0.1121000000000000E+002, 
 0.1127000000000000E+002, 
 0.1133000000000000E+002, 
 0.1139000000000000E+002, 
 0.1145000000000000E+002, 
 0.1151000000000000E+002, 
 0.1157000000000000E+002, 
 0.1163000000000000E+002, 
 0.1169000000000000E+002, 
 0.1175000000000000E+002, 
 0.1181000000000000E+002, 
 0.1187000000000000E+002, 
 0.1193000000000000E+002, 
 0.1198999999999999E+002, 
 0.1205000000000000E+002, 
 0.1211000000000000E+002, 
 0.1217000000000000E+002, 
 0.1223000000000001E+002, 
 0.1229000000000000E+002, 
 0.1235000000000000E+002, 
 0.1241000000000000E+002, 
 0.1247000000000000E+002, 
 0.1253000000000000E+002, 
 0.1259000000000000E+002, 
 0.1265000000000000E+002, 
 0.1271000000000000E+002, 
 0.1277000000000000E+002, 
 0.1283000000000000E+002, 
 0.1289000000000000E+002, 
 0.1295000000000000E+002, 
 0.1301000000000000E+002, 
 0.1307000000000000E+002, 
 0.1313000000000000E+002, 
 0.1319000000000000E+002, 
 0.1325000000000000E+002, 
 0.1331000000000000E+002, 
 0.1337000000000000E+002, 
 0.1343000000000000E+002, 
 0.1349000000000000E+002, 
 0.1355000000000000E+002, 
 0.1361000000000000E+002, 
 0.1367000000000000E+002, 
 0.1373000000000000E+002, 
 0.1379000000000000E+002, 
 0.1385000000000000E+002, 
 0.1391000000000000E+002, 
 0.1397000000000000E+002, 
 0.1403000000000000E+002, 
 0.1409000000000000E+002, 
 0.1415000000000000E+002, 
 0.1421000000000000E+002, 
 0.1427000000000000E+002, 
 0.1432999999999999E+002, 
 0.1439000000000000E+002, 
 0.1445000000000000E+002, 
 0.1451000000000000E+002, 
 0.1457000000000000E+002, 
 0.1463000000000000E+002, 
 0.1469000000000000E+002, 
 0.1475000000000000E+002, 
 0.1481000000000000E+002, 
 0.1487000000000000E+002, 
 0.1493000000000000E+002, 
 0.1499000000000000E+002, 
 0.1505000000000000E+002, 
 0.1511000000000000E+002, 
 0.1517000000000000E+002, 
 0.1523000000000000E+002, 
 0.1529000000000000E+002, 
 0.1535000000000000E+002, 
 0.1541000000000000E+002, 
 0.1547000000000000E+002, 
 0.1553000000000000E+002, 
 0.1559000000000000E+002, 
 0.1565000000000000E+002, 
 0.1571000000000000E+002, 
 0.1577000000000000E+002, 
 0.1583000000000000E+002, 
 0.1589000000000000E+002, 
 0.1595000000000000E+002, 
 0.1601000000000000E+002, 
 0.1607000000000000E+002, 
 0.1613000000000000E+002, 
 0.1619000000000000E+002, 
 0.1625000000000000E+002, 
 0.1631000000000001E+002, 
 0.1637000000000000E+002, 
 0.1643000000000000E+002, 
 0.1649000000000000E+002, 
 0.1655000000000000E+002, 
 0.1661000000000000E+002, 
 0.1667000000000001E+002, 
 0.1673000000000000E+002, 
 0.1679000000000000E+002, 
 0.1685000000000000E+002, 
 0.1691000000000000E+002, 
 0.1697000000000000E+002, 
 0.1703000000000000E+002, 
 0.1709000000000000E+002, 
 0.1715000000000000E+002, 
 0.1721000000000000E+002, 
 0.1727000000000000E+002, 
 0.1733000000000000E+002, 
 0.1739000000000000E+002, 
 0.1745000000000000E+002, 
 0.1751000000000000E+002, 
 0.1757000000000000E+002, 
 0.1763000000000000E+002, 
 0.1769000000000000E+002, 
 0.1775000000000000E+002, 
 0.1781000000000000E+002, 
 0.1787000000000000E+002, 
 0.1793000000000000E+002, 
 0.1799000000000001E+002, 
 0.1805000000000000E+002, 
 0.1811000000000000E+002, 
 0.1817000000000001E+002, 
 0.1823000000000000E+002, 
 0.1829000000000000E+002, 
 0.1835000000000000E+002, 
 0.1841000000000000E+002, 
 0.1847000000000000E+002, 
 0.1853000000000000E+002, 
 0.1859000000000000E+002, 
 0.1865000000000000E+002, 
 0.1871000000000000E+002, 
 0.1877000000000000E+002, 
 0.1883000000000000E+002, 
 0.1889000000000000E+002, 
 0.1895000000000000E+002, 
 0.1901000000000000E+002, 
 0.1907000000000000E+002, 
 0.1913000000000000E+002, 
 0.1919000000000000E+002, 
 0.1925000000000000E+002, 
 0.1931000000000000E+002, 
 0.1937000000000000E+002, 
 0.1943000000000000E+002, 
 0.1949000000000000E+002, 
 0.1955000000000000E+002, 
 0.1961000000000000E+002, 
 0.1967000000000000E+002, 
 0.1973000000000000E+002, 
 0.1979000000000000E+002, 
 0.1985000000000000E+002, 
 0.1991000000000000E+002, 
 0.1997000000000000E+002, 
 0.2003000000000000E+002, 
 0.2009000000000000E+002, 
 0.2015000000000000E+002, 
 0.2021000000000000E+002, 
 0.2027000000000000E+002, 
 0.2033000000000000E+002, 
 0.2039000000000000E+002, 
 0.2045000000000000E+002, 
 0.2051000000000000E+002, 
 0.2057000000000000E+002, 
 0.2063000000000000E+002, 
 0.2069000000000000E+002, 
 0.2075000000000000E+002, 
 0.2081000000000000E+002, 
 0.2087000000000000E+002, 
 0.2093000000000000E+002, 
 0.2099000000000001E+002, 
 0.2105000000000000E+002, 
 0.2111000000000000E+002, 
 0.2117000000000000E+002, 
 0.2123000000000000E+002, 
 0.2129000000000000E+002, 
 0.2135000000000000E+002, 
 0.2141000000000000E+002, 
 0.2147000000000000E+002, 
 0.2153000000000000E+002, 
 0.2159000000000000E+002, 
 0.2165000000000000E+002, 
 0.2171000000000000E+002, 
 0.2177000000000000E+002, 
 0.2183000000000000E+002, 
 0.2189000000000000E+002, 
 0.2195000000000000E+002, 
 0.2201000000000000E+002, 
 0.2207000000000000E+002, 
 0.2213000000000000E+002, 
 0.2219000000000000E+002, 
 0.2225000000000000E+002, 
 0.2231000000000000E+002, 
 0.2237000000000000E+002, 
 0.2243000000000000E+002, 
 0.2249000000000001E+002, 
 0.2255000000000000E+002, 
 0.2261000000000000E+002, 
 0.2267000000000000E+002, 
 0.2273000000000000E+002, 
 0.2279000000000000E+002, 
 0.2285000000000000E+002, 
 0.2291000000000000E+002, 
 0.2297000000000000E+002, 
 0.2303000000000000E+002, 
 0.2309000000000000E+002, 
 0.2315000000000000E+002, 
 0.2321000000000000E+002, 
 0.2327000000000000E+002, 
 0.2333000000000000E+002, 
 0.2339000000000000E+002, 
 0.2345000000000000E+002, 
 0.2351000000000000E+002, 
 0.2357000000000000E+002, 
 0.2363000000000000E+002, 
 0.2369000000000000E+002, 
 0.2375000000000000E+002, 
 0.2381000000000000E+002, 
 0.2387000000000000E+002, 
 0.2393000000000000E+002, 
 0.2399000000000001E+002, 
 0.2405000000000000E+002, 
 0.2411000000000000E+002, 
 0.2417000000000000E+002, 
 0.2423000000000000E+002, 
 0.2429000000000000E+002, 
 0.2435000000000000E+002, 
 0.2441000000000000E+002, 
 0.2447000000000000E+002, 
 0.2453000000000000E+002, 
 0.2459000000000000E+002, 
 0.2465000000000000E+002, 
 0.2471000000000000E+002, 
 0.2477000000000000E+002, 
 0.2483000000000000E+002, 
 0.2489000000000000E+002, 
 0.2495000000000000E+002, 
 0.2501000000000000E+002, 
 0.2507000000000000E+002, 
 0.2513000000000000E+002, 
 0.2519000000000000E+002, 
 0.2525000000000000E+002, 
 0.2531000000000000E+002, 
 0.2537000000000000E+002, 
 0.2543000000000000E+002, 
 0.2549000000000001E+002, 
 0.2555000000000000E+002, 
 0.2561000000000000E+002, 
 0.2567000000000000E+002, 
 0.2572999999999999E+002, 
 0.2579000000000000E+002, 
 0.2585000000000000E+002, 
 0.2591000000000000E+002, 
 0.2597000000000000E+002, 
 0.2603000000000000E+002, 
 0.2609000000000000E+002, 
 0.2615000000000000E+002, 
 0.2621000000000000E+002, 
 0.2627000000000000E+002, 
 0.2633000000000001E+002, 
 0.2639000000000000E+002, 
 0.2645000000000000E+002, 
 0.2651000000000000E+002, 
 0.2657000000000000E+002, 
 0.2663000000000000E+002, 
 0.2668999999999999E+002, 
 0.2675000000000000E+002, 
 0.2681000000000000E+002, 
 0.2687000000000000E+002, 
 0.2693000000000000E+002, 
 0.2698999999999999E+002, 
 0.2705000000000000E+002, 
 0.2711000000000000E+002, 
 0.2717000000000000E+002, 
 0.2723000000000000E+002, 
 0.2729000000000000E+002, 
 0.2735000000000000E+002, 
 0.2741000000000000E+002, 
 0.2747000000000000E+002, 
 0.2753000000000000E+002, 
 0.2758999999999999E+002, 
 0.2765000000000000E+002, 
 0.2771000000000000E+002, 
 0.2777000000000000E+002, 
 0.2783000000000000E+002, 
 0.2789000000000000E+002, 
 0.2795000000000000E+002, 
 0.2801000000000000E+002, 
 0.2807000000000000E+002, 
 0.2813000000000000E+002, 
 0.2819000000000000E+002, 
 0.2825000000000000E+002, 
 0.2831000000000000E+002, 
 0.2837000000000000E+002, 
 0.2843000000000000E+002, 
 0.2849000000000000E+002, 
 0.2854999999999999E+002, 
 0.2861000000000000E+002, 
 0.2867000000000001E+002, 
 0.2873000000000000E+002, 
 0.2879000000000000E+002, 
 0.2885000000000000E+002, 
 0.2891000000000000E+002, 
 0.2897000000000001E+002, 
 0.2903000000000000E+002, 
 0.2909000000000000E+002, 
 0.2915000000000000E+002, 
 0.2921000000000000E+002, 
 0.2927000000000000E+002, 
 0.2933000000000000E+002, 
 0.2939000000000000E+002, 
 0.2945000000000000E+002, 
 0.2951000000000000E+002, 
 0.2957000000000000E+002, 
 0.2963000000000000E+002, 
 0.2969000000000000E+002, 
 0.2975000000000000E+002, 
 0.2981000000000000E+002, 
 0.2987000000000000E+002, 
 0.2993000000000001E+002, 
 0.2999000000000000E+002, 
 0.3005000000000000E+002, 
 0.3011000000000000E+002, 
 0.3017000000000000E+002, 
 0.3022999999999999E+002, 
 0.3029000000000000E+002, 
 0.3035000000000000E+002, 
 0.3041000000000000E+002, 
 0.3047000000000000E+002, 
 0.3053000000000000E+002, 
 0.3059000000000000E+002, 
 0.3065000000000000E+002, 
 0.3071000000000000E+002, 
 0.3077000000000000E+002, 
 0.3083000000000001E+002, 
 0.3089000000000000E+002, 
 0.3095000000000000E+002, 
 0.3101000000000000E+002, 
 0.3107000000000000E+002, 
 0.3113000000000000E+002, 
 0.3119000000000000E+002, 
 0.3125000000000000E+002, 
 0.3131000000000000E+002, 
 0.3137000000000000E+002, 
 0.3143000000000000E+002, 
 0.3148999999999999E+002, 
 0.3155000000000000E+002, 
 0.3161000000000000E+002, 
 0.3167000000000001E+002, 
 0.3173000000000000E+002, 
 0.3179000000000001E+002, 
 0.3185000000000000E+002, 
 0.3191000000000000E+002, 
 0.3197000000000000E+002, 
