-0.6514747575085647E+001 ,  0.3476867029452670E-001 ,  0.5803711767809689E+001
-0.6505299556644498E+001 ,  0.3545551610291117E-001 ,  0.5866493951353926E+001
-0.6495851538203349E+001 ,  0.3590019191061861E-001 ,  0.5929715128592321E+001
-0.6486403519762201E+001 ,  0.3596062301853910E-001 ,  0.5993374882003905E+001
-0.6476955501321052E+001 ,  0.3578759843337255E-001 ,  0.6057472736004758E+001
-0.6467507482879904E+001 ,  0.3570745109256163E-001 ,  0.6122008156402964E+001
-0.6458059464438756E+001 ,  0.3597443412140490E-001 ,  0.6186980549857593E+001
-0.6448611445997608E+001 ,  0.3658063304982666E-001 ,  0.6252389263346297E+001
-0.6439163427556460E+001 ,  0.3726547145744372E-001 ,  0.6318233583637549E+001
-0.6429715409115311E+001 ,  0.3771498470390653E-001 ,  0.6384512736770517E+001
-0.6420267390674162E+001 ,  0.3779857633543637E-001 ,  0.6451225887541642E+001
-0.6410819372233014E+001 ,  0.3766482742112046E-001 ,  0.6518372138997985E+001
-0.6401371353791866E+001 ,  0.3762619750436105E-001 ,  0.6585950531938647E+001
-0.6391923335350718E+001 ,  0.3792202477612428E-001 ,  0.6653960044421987E+001
-0.6382475316909570E+001 ,  0.3853954136971315E-001 ,  0.6722399591282586E+001
-0.6373027298468422E+001 ,  0.3922670784239239E-001 ,  0.6791268023654631E+001
-0.6363579280027273E+001 ,  0.3968478729135806E-001 ,  0.6860564128503960E+001
-0.6354131261586124E+001 ,  0.3979362361407793E-001 ,  0.6930286628168308E+001
-0.6344683243144976E+001 ,  0.3969984292100859E-001 ,  0.7000434179905282E+001
-0.6335235224703828E+001 ,  0.3970335278841555E-001 ,  0.7071005375449974E+001
-0.6325787206262680E+001 ,  0.4002995088573122E-001 ,  0.7141998740581837E+001
-0.6316339187821532E+001 ,  0.4066241480039842E-001 ,  0.7213412734698338E+001
-0.6306891169380384E+001 ,  0.4135639319409317E-001 ,  0.7285245750400496E+001
-0.6297443150939235E+001 ,  0.4182694852914325E-001 ,  0.7357496113085701E+001
-0.6287995132498086E+001 ,  0.4196344179291095E-001 ,  0.7430162080552175E+001
-0.6278547114056938E+001 ,  0.4191080494279456E-001 ,  0.7503241842611528E+001
-0.6269099095615790E+001 ,  0.4195761407600214E-001 ,  0.7576733520712004E+001
-0.6259651077174642E+001 ,  0.4231736953599449E-001 ,  0.7650635167571859E+001
-0.6250203058733494E+001 ,  0.4296872987681793E-001 ,  0.7724944766823965E+001
-0.6240755040292346E+001 ,  0.4367423216871653E-001 ,  0.7799660232669055E+001
-0.6231307021851197E+001 ,  0.4416143156192169E-001 ,  0.7874779409541361E+001
-0.6221859003410048E+001 ,  0.4432838492706392E-001 ,  0.7950300071785038E+001
-0.6212410984968900E+001 ,  0.4431859881975656E-001 ,  0.8026219923341184E+001
-0.6202962966527751E+001 ,  0.4441044975643578E-001 ,  0.8102536597446406E+001
-0.6193514948086603E+001 ,  0.4480626772563003E-001 ,  0.8179247656342406E+001
-0.6184066929645455E+001 ,  0.4548087081116833E-001 ,  0.8256350590998357E+001
-0.6174618911204306E+001 ,  0.4620292730602709E-001 ,  0.8333842820844612E+001
-0.6165170892763158E+001 ,  0.4671128579770605E-001 ,  0.8411721693517633E+001
-0.6155722874322009E+001 ,  0.4691196898570181E-001 ,  0.8489984484618214E+001
-0.6146274855880861E+001 ,  0.4694733528626325E-001 ,  0.8568628397482261E+001
-0.6136826837439713E+001 ,  0.4708661624271316E-001 ,  0.8647650562962578E+001
-0.6127378818998565E+001 ,  0.4752199552330279E-001 ,  0.8727048039225082E+001
-0.6117930800557416E+001 ,  0.4822467767104537E-001 ,  0.8806817811557087E+001
-0.6108482782116268E+001 ,  0.4896874119171087E-001 ,  0.8886956792188656E+001
-0.6099034763675120E+001 ,  0.4950322347169539E-001 ,  0.8967461820127678E+001
-0.6089586745233971E+001 ,  0.4974146471517728E-001 ,  0.9048329661007298E+001
-0.6080138726792823E+001 ,  0.4982496197601109E-001 ,  0.9129557006948321E+001
-0.6070690708351675E+001 ,  0.5001478957240223E-001 ,  0.9211140476434048E+001
-0.6061242689910527E+001 ,  0.5049391776373816E-001 ,  0.9293076614199794E+001
-0.6051794671469379E+001 ,  0.5123011720077644E-001 ,  0.9375361891135880E+001
-0.6042346653028230E+001 ,  0.5200218568212563E-001 ,  0.9457992704204921E+001
-0.6032898634587081E+001 ,  0.5256832780140163E-001 ,  0.9540965376373988E+001
-0.6023450616145933E+001 ,  0.5284862657166518E-001 ,  0.9624276156559992E+001
-0.6014002597704785E+001 ,  0.5298401542601422E-001 ,  0.9707921219591395E+001
-0.6004554579263637E+001 ,  0.5322834207842225E-001 ,  0.9791896666182481E+001
-0.5995106560822489E+001 ,  0.5375621571193620E-001 ,  0.9876198522924572E+001
-0.5985658542381340E+001 ,  0.5453210892961018E-001 ,  0.9960822742291038E+001
-0.5976210523940192E+001 ,  0.5533887206913147E-001 ,  0.1004576520265666E+002
-0.5966762505499044E+001 ,  0.5594292788719559E-001 ,  0.1013102170833569E+002
-0.5957314487057895E+001 ,  0.5627059422551033E-001 ,  0.1021658798963028E+002
-0.5947866468616747E+001 ,  0.5646255152765434E-001 ,  0.1030245970289868E+002
-0.5938418450175599E+001 ,  0.5676630359996375E-001 ,  0.1038863243063630E+002
-0.5928970431734450E+001 ,  0.5734887976028833E-001 ,  0.1047510168157426E+002
-0.5919522413293302E+001 ,  0.5817154927180297E-001 ,  0.1056186289079259E+002
-0.5910074394852153E+001 ,  0.5902056657067977E-001 ,  0.1064891141984989E+002
-0.5900626376411005E+001 ,  0.5966968648320051E-001 ,  0.1073624255692896E+002
-0.5891178357969856E+001 ,  0.6005101459356737E-001 ,  0.1082385151699818E+002
-0.5881730339528708E+001 ,  0.6030530432501779E-001 ,  0.1091173344199004E+002
-0.5872282321087560E+001 ,  0.6067455918983279E-001 ,  0.1099988340099467E+002
-0.5862834302646412E+001 ,  0.6131894726683280E-001 ,  0.1108829639047097E+002
-0.5853386284205263E+001 ,  0.6219658995465940E-001 ,  0.1117696733447333E+002
-0.5843938265764115E+001 ,  0.6309650978310963E-001 ,  0.1126589108489534E+002
-0.5834490247322966E+001 ,  0.6379896166373128E-001 ,  0.1135506242173033E+002
-0.5825042228881818E+001 ,  0.6424144792855320E-001 ,  0.1144447605334808E+002
-0.5815594210440670E+001 ,  0.6456513933630860E-001 ,  0.1153412661678796E+002
-0.5806146191999522E+001 ,  0.6500735229273406E-001 ,  0.1162400867807072E+002
-0.5796698173558373E+001 ,  0.6572205744890464E-001 ,  0.1171411673252495E+002
-0.5787250155117225E+001 ,  0.6666424574847141E-001 ,  0.1180444520513147E+002
-0.5777802136676076E+001 ,  0.6762507824251700E-001 ,  0.1189498845088508E+002
-0.5768354118234928E+001 ,  0.6839052383165997E-001 ,  0.1198574075517219E+002
-0.5758906099793780E+001 ,  0.6890314287113956E-001 ,  0.1207669633416701E+002
-0.5749458081352632E+001 ,  0.6930488995580339E-001 ,  0.1216784933524372E+002
-0.5740010062911484E+001 ,  0.6982918581118075E-001 ,  0.1225919383740522E+002
-0.5730562044470335E+001 ,  0.7062441980887654E-001 ,  0.1235072385173154E+002
-0.5721114026029187E+001 ,  0.7164243222194898E-001 ,  0.1244243332184223E+002
-0.5711666007588039E+001 ,  0.7267589323753705E-001 ,  0.1253431612437859E+002
-0.5702217989146890E+001 ,  0.7351573781676932E-001 ,  0.1262636606950065E+002
-0.5692769970705742E+001 ,  0.7410929504144419E-001 ,  0.1271857690140413E+002
-0.5683321952264594E+001 ,  0.7459969660550017E-001 ,  0.1281094229885245E+002
-0.5673873933823445E+001 ,  0.7521724611412690E-001 ,  0.1290345587572612E+002
-0.5664425915382297E+001 ,  0.7610532682815156E-001 ,  0.1299611118159098E+002
-0.5654977896941149E+001 ,  0.7721257021357909E-001 ,  0.1308890170228090E+002
-0.5645529878500000E+001 ,  0.7833251978275567E-001 ,  0.1318182086050170E+002
-0.5636081860058852E+001 ,  0.7926035946849128E-001 ,  0.1327486201644625E+002
-0.5626633841617704E+001 ,  0.7994794538725762E-001 ,  0.1336801846843333E+002
-0.5617185823176555E+001 ,  0.8054001204494579E-001 ,  0.1346128345355929E+002
-0.5607737804735407E+001 ,  0.8126452100690211E-001 ,  0.1355465014836592E+002
-0.5598289786294258E+001 ,  0.8226038998557496E-001 ,  0.1364811166953047E+002
-0.5588841767853110E+001 ,  0.8347294452732237E-001 ,  0.1374166107456660E+002
-0.5579393749411962E+001 ,  0.8469595210932503E-001 ,  0.1383529136254745E+002
-0.5569945730970813E+001 ,  0.8572815235896139E-001 ,  0.1392899547484123E+002
-0.5560497712529665E+001 ,  0.8652573363520329E-001 ,  0.1402276629586529E+002
-0.5551049694088517E+001 ,  0.8723549846133123E-001 ,  0.1411659665385814E+002
-0.5541601675647368E+001 ,  0.8808384817211409E-001 ,  0.1421047932166654E+002
-0.5532153657206220E+001 ,  0.8920574713379148E-001 ,  0.1430440701754944E+002
-0.5522705638765072E+001 ,  0.9054307702832545E-001 ,  0.1439837240599793E+002
-0.5513257620323923E+001 ,  0.9188915859464702E-001 ,  0.1449236809857351E+002
-0.5503809601882775E+001 ,  0.9304561088976271E-001 ,  0.1458638665475940E+002
-0.5494361583441627E+001 ,  0.9397280721093934E-001 ,  0.1468042058283188E+002
-0.5484913565000479E+001 ,  0.9482013159422745E-001 ,  0.1477446234074324E+002
-0.5475465546559331E+001 ,  0.9581322513333936E-001 ,  0.1486850433702537E+002
-0.5466017528118182E+001 ,  0.9708358903405005E-001 ,  0.1496253893170553E+002
-0.5456569509677034E+001 ,  0.9856947963234926E-001 ,  0.1505655843723952E+002
-0.5447121491235886E+001 ,  0.1000630702426899E+000 ,  0.1515055511946038E+002
-0.5437673472794737E+001 ,  0.1013681934931228E+000 ,  0.1524452119854132E+002
-0.5428225454353589E+001 ,  0.1024493099708206E+000 ,  0.1533844884997642E+002
-0.5418777435912441E+001 ,  0.1034589581200505E+000 ,  0.1543233020557363E+002
-0.5409329417471292E+001 ,  0.1046228502271345E+000 ,  0.1552615735446514E+002
-0.5399881399030144E+001 ,  0.1060694992440627E+000 ,  0.1561992234413034E+002
-0.5390433380588996E+001 ,  0.1077333075409034E+000 ,  0.1571361718143656E+002
-0.5380985362147847E+001 ,  0.1094045606660512E+000 ,  0.1580723383369056E+002
-0.5371537343706699E+001 ,  0.1108886429754573E+000 ,  0.1590076422970817E+002
-0.5362089325265551E+001 ,  0.1121540585547355E+000 ,  0.1599420026089506E+002
-0.5352641306824403E+001 ,  0.1133571467705128E+000 ,  0.1608753378234372E+002
-0.5343193288383254E+001 ,  0.1147245698401401E+000 ,  0.1618075661394296E+002
-0.5333745269942106E+001 ,  0.1163823196400117E+000 ,  0.1627386054150114E+002
-0.5324297251500957E+001 ,  0.1182606642932695E+000 ,  0.1636683731788402E+002
-0.5314849233059808E+001 ,  0.1201472107027818E+000 ,  0.1645967866416439E+002
-0.5305401214618660E+001 ,  0.1218482310762913E+000 ,  0.1655237627078581E+002
-0.5295953196177512E+001 ,  0.1233362900068705E+000 ,  0.1664492179873869E+002
-0.5286505177736364E+001 ,  0.1247722663983102E+000 ,  0.1673730688074850E+002
-0.5277057159295215E+001 ,  0.1263847180226671E+000 ,  0.1682952312247787E+002
-0.5267609140854067E+001 ,  0.1282975841181117E+000 ,  0.1692156210373966E+002
-0.5258161122412918E+001 ,  0.1304366612193901E+000 ,  0.1701341537972219E+002
-0.5248713103971770E+001 ,  0.1325860239462889E+000 ,  0.1710507448222647E+002
-0.5239265085530622E+001 ,  0.1345521610585000E+000 ,  0.1719653092091510E+002
-0.5229817067089474E+001 ,  0.1363117862715082E+000 ,  0.1728777618457056E+002
-0.5220369048648325E+001 ,  0.1380311732002283E+000 ,  0.1737880174236856E+002
-0.5210921030207177E+001 ,  0.1399418126358853E+000 ,  0.1746959904515731E+002
-0.5201473011766029E+001 ,  0.1421660722726150E+000 ,  0.1756015952675131E+002
-0.5192024993324880E+001 ,  0.1446248765842361E+000 ,  0.1765047460523222E+002
-0.5182576974883732E+001 ,  0.1470978379656346E+000 ,  0.1774053568426217E+002
-0.5173128956442584E+001 ,  0.1493909789361181E+000 ,  0.1783033415440515E+002
-0.5163680938001436E+001 ,  0.1514853390072696E+000 ,  0.1791986139445852E+002
-0.5154232919560287E+001 ,  0.1535535912836829E+000 ,  0.1800910877279428E+002
-0.5144784901119139E+001 ,  0.1558313217270197E+000 ,  0.1809806764870752E+002
-0.5135336882677991E+001 ,  0.1584398356240876E+000 ,  0.1818672937377461E+002
-0.5125888864236842E+001 ,  0.1612947155931646E+000 ,  0.1827508529322047E+002
-0.5116440845795694E+001 ,  0.1641700910246196E+000 ,  0.1836312674729148E+002
-0.5106992827354546E+001 ,  0.1668708224737147E+000 ,  0.1845084507263857E+002
-0.5097544808913398E+001 ,  0.1693825650042422E+000 ,  0.1853823160370670E+002
-0.5088096790472249E+001 ,  0.1718855913066023E+000 ,  0.1862527767413055E+002
-0.5078648772031101E+001 ,  0.1746209140428301E+000 ,  0.1871197461813910E+002
-0.5069200753589953E+001 ,  0.1777093353033181E+000 ,  0.1879831377196465E+002
-0.5059752735148804E+001 ,  0.1810605516840142E+000 ,  0.1888428647525907E+002
-0.5050304716707656E+001 ,  0.1844420834949337E+000 ,  0.1896988407251630E+002
-0.5040856698266508E+001 ,  0.1876569243955727E+000 ,  0.1905509791449896E+002
-0.5031408679825359E+001 ,  0.1906957863327471E+000 ,  0.1913991935967189E+002
-0.5021960661384210E+001 ,  0.1937480019707008E+000 ,  0.1922433977563855E+002
-0.5012512642943062E+001 ,  0.1970615745583715E+000 ,  0.1930835054058627E+002
-0.5003064624501914E+001 ,  0.2007574455812763E+000 ,  0.1939194304472763E+002
-0.4993616606060765E+001 ,  0.2047388059011552E+000 ,  0.1947510869175513E+002
-0.4984168587619617E+001 ,  0.2087653235885321E+000 ,  0.1955783890029433E+002
-0.4974720569178469E+001 ,  0.2126374250521025E+000 ,  0.1964012510535834E+002
-0.4965272550737321E+001 ,  0.2163515324565464E+000 ,  0.1972195875981265E+002
-0.4955824532296172E+001 ,  0.2201078543850521E+000 ,  0.1980333133583280E+002
-0.4946376513855024E+001 ,  0.2241632730624801E+000 ,  0.1988423432637170E+002
-0.4936928495413876E+001 ,  0.2286396482810609E+000 ,  0.1996465924662622E+002
-0.4927480476972727E+001 ,  0.2334329784001982E+000 ,  0.2004459763550559E+002
-0.4918032458531579E+001 ,  0.2382937157679918E+000 ,  0.2012404105709883E+002
-0.4908584440090431E+001 ,  0.2430190571949464E+000 ,  0.2020298110214799E+002
-0.4899136421649283E+001 ,  0.2476120979235446E+000 ,  0.2028140938951585E+002
-0.4889688403208134E+001 ,  0.2522862386894929E+000 ,  0.2035931756765833E+002
-0.4880240384766986E+001 ,  0.2573095940609750E+000 ,  0.2043669731609361E+002
-0.4870792366325838E+001 ,  0.2628059456018681E+000 ,  0.2051354034687361E+002
-0.4861344347884689E+001 ,  0.2686633757189184E+000 ,  0.2058983840605137E+002
-0.4851896329443541E+001 ,  0.2746216554601250E+000 ,  0.2066558327514870E+002
-0.4842448311002393E+001 ,  0.2804741999363005E+000 ,  0.2074076677262268E+002
-0.4833000292561245E+001 ,  0.2862322126516753E+000 ,  0.2081538075532837E+002
-0.4823552274120096E+001 ,  0.2921253320237868E+000 ,  0.2088941711998107E+002
-0.4814104255678948E+001 ,  0.2984359473930702E+000 ,  0.2096286780461381E+002
-0.4804656237237800E+001 ,  0.3052911441860451E+000 ,  0.2103572479003305E+002
-0.4795208218796651E+001 ,  0.3125704071411232E+000 ,  0.2110798010127078E+002
-0.4785760200355503E+001 ,  0.3200013264520272E+000 ,  0.2117962580903192E+002
-0.4776312181914355E+001 ,  0.3273732441282587E+000 ,  0.2125065403113735E+002
-0.4766864163473206E+001 ,  0.3347076622672031E+000 ,  0.2132105693396436E+002
-0.4757416145032058E+001 ,  0.3422546113465350E+000 ,  0.2139082673387986E+002
-0.4747968126590909E+001 ,  0.3503148628628976E+000 ,  0.2145995569866829E+002
-0.4738520108149761E+001 ,  0.3590208489793693E+000 ,  0.2152843614895489E+002
-0.4729072089708612E+001 ,  0.3682430005893473E+000 ,  0.2159626045962408E+002
-0.4719624071267464E+001 ,  0.3776953750572820E+000 ,  0.2166342106122699E+002
-0.4710176052826315E+001 ,  0.3871635232998088E+000 ,  0.2172991044138750E+002
-0.4700728034385167E+001 ,  0.3966827059301621E+000 ,  0.2179572114619703E+002
-0.4691280015944019E+001 ,  0.4065292718432912E+000 ,  0.2186084578160410E+002
-0.4681831997502871E+001 ,  0.4170282139125524E+000 ,  0.2192527701479423E+002
-0.4672383979061722E+001 ,  0.4283205581250319E+000 ,  0.2198900757556462E+002
-0.4662935960620574E+001 ,  0.4402678701502559E+000 ,  0.2205203025768529E+002
-0.4653487942179426E+001 ,  0.4525699115170432E+000 ,  0.2211433792025717E+002
-0.4644039923738277E+001 ,  0.4650099596426315E+000 ,  0.2217592348905522E+002
-0.4634591905297129E+001 ,  0.4776427494317177E+000 ,  0.2223677995786558E+002
-0.4625143886855981E+001 ,  0.4907798765044684E+000 ,  0.2229690038981195E+002
-0.4615695868414832E+001 ,  0.5047793855329027E+000 ,  0.2235627791866976E+002
-0.4606247849973684E+001 ,  0.5197964533868663E+000 ,  0.2241490575017282E+002
-0.4596799831532536E+001 ,  0.5356855768204295E+000 ,  0.2247277716330536E+002
-0.4587351813091388E+001 ,  0.5521331001946741E+000 ,  0.2252988551158462E+002
-0.4577903794650239E+001 ,  0.5689242314926080E+000 ,  0.2258622422433278E+002
-0.4568455776209091E+001 ,  0.5861431592463147E+000 ,  0.2264178680793412E+002
-0.4559007757767943E+001 ,  0.6041510971226332E+000 ,  0.2269656684708053E+002
-0.4549559739326794E+001 ,  0.6233535131291463E+000 ,  0.2275055800600565E+002
-0.4540111720885646E+001 ,  0.6439299940844454E+000 ,  0.2280375402970547E+002
-0.4530663702444498E+001 ,  0.6657336487484444E+000 ,  0.2285614874514233E+002
-0.4521215684003350E+001 ,  0.6884424780667991E+000 ,  0.2290773606244149E+002
-0.4511767665562201E+001 ,  0.7118538460573187E+000 ,  0.2295850997606574E+002
-0.4502319647121053E+001 ,  0.7361000147797364E+000 ,  0.2300846456598368E+002
-0.4492871628679905E+001 ,  0.7616168597849482E+000 ,  0.2305759399881603E+002
-0.4483423610238756E+001 ,  0.7888827664187777E+000 ,  0.2310589252897281E+002
-0.4473975591797608E+001 ,  0.8181222383600374E+000 ,  0.2315335449977012E+002
-0.4464527573356460E+001 ,  0.8492022060564860E+000 ,  0.2319997434453593E+002
-0.4455079554915311E+001 ,  0.8818080487253324E+000 ,  0.2324574658769661E+002
-0.4445631536474163E+001 ,  0.9157736838246501E+000 ,  0.2329066584584777E+002
-0.4436183518033014E+001 ,  0.9513170272164576E+000 ,  0.2333472682880911E+002
-0.4426735499591866E+001 ,  0.9889965434939787E+000 ,  0.2337792434066461E+002
-0.4417287481150717E+001 ,  0.1029413479869376E+001 ,  0.2342025328077985E+002
-0.4407839462709569E+001 ,  0.1072881924641948E+001 ,  0.2346170864480776E+002
-0.4398391444268421E+001 ,  0.1119322273738889E+001 ,  0.2350228552567424E+002
-0.4388943425827273E+001 ,  0.1168470976894570E+001 ,  0.2354197911454494E+002
-0.4379495407386124E+001 ,  0.1220258541858222E+001 ,  0.2358078470177617E+002
-0.4370047388944976E+001 ,  0.1275071670528219E+001 ,  0.2361869767784342E+002
-0.4360599370503828E+001 ,  0.1333693611492019E+001 ,  0.2365571353425776E+002
-0.4351151352062679E+001 ,  0.1396957911129209E+001 ,  0.2369182786445596E+002
-0.4341703333621531E+001 ,  0.1465375208983341E+001 ,  0.2372703636467548E+002
-0.4332255315180383E+001 ,  0.1539025971051183E+001 ,  0.2376133483481111E+002
-0.4322807296739235E+001 ,  0.1617819548102639E+001 ,  0.2379471917924444E+002
-0.4313359278298086E+001 ,  0.1701940348426158E+001 ,  0.2382718540766616E+002
-0.4303911259856938E+001 ,  0.1792148049610049E+001 ,  0.2385872963586636E+002
-0.4294463241415790E+001 ,  0.1889696511643516E+001 ,  0.2388934808650907E+002
-0.4285015222974641E+001 ,  0.1995922426699612E+001 ,  0.2391903708988695E+002
-0.4275567204533493E+001 ,  0.2111816944133374E+001 ,  0.2394779308465490E+002
-0.4266119186092345E+001 ,  0.2237925956262646E+001 ,  0.2397561261854069E+002
-0.4256671167651197E+001 ,  0.2374689078670980E+001 ,  0.2400249234903659E+002
-0.4247223149210048E+001 ,  0.2522991882565949E+001 ,  0.2402842904406774E+002
-0.4237775130768900E+001 ,  0.2684526880500253E+001 ,  0.2405341958264163E+002
-0.4228327112327752E+001 ,  0.2861686231527314E+001 ,  0.2407746095547042E+002
-0.4218879093886603E+001 ,  0.3057063330930001E+001 ,  0.2410055026558038E+002
-0.4209431075445455E+001 ,  0.3272958781312016E+001 ,  0.2412268472888876E+002
-0.4199983057004307E+001 ,  0.3511315883492773E+001 ,  0.2414386167476420E+002
-0.4190535038563158E+001 ,  0.3774207134350689E+001 ,  0.2416407854656662E+002
-0.4181087020122010E+001 ,  0.4064570284428943E+001 ,  0.2418333290215822E+002
-0.4171639001680862E+001 ,  0.4386675051593054E+001 ,  0.2420162241439671E+002
-0.4162190983239713E+001 ,  0.4745978837796826E+001 ,  0.2421894487160439E+002
-0.4152742964798565E+001 ,  0.5148494829996890E+001 ,  0.2423529817801271E+002
-0.4143294946357416E+001 ,  0.5600203272971953E+001 ,  0.2425068035418562E+002
-0.4133846927916268E+001 ,  0.6107052853925874E+001 ,  0.2426508953742011E+002
-0.4124398909475119E+001 ,  0.6675667201010374E+001 ,  0.2427852398211840E+002
-0.4114950891033971E+001 ,  0.7314284920432045E+001 ,  0.2429098206014493E+002
-0.4105502872592823E+001 ,  0.8033168339344350E+001 ,  0.2430246226115223E+002
-0.4096054854151675E+001 ,  0.8843977546668247E+001 ,  0.2431296319288719E+002
-0.4086606835710526E+001 ,  0.9758262267840610E+001 ,  0.2432248358147165E+002
-0.4077158817269378E+001 ,  0.1078576372620673E+002 ,  0.2433102227166146E+002
-0.4067710798828229E+001 ,  0.1193314499355888E+002 ,  0.2433857822707779E+002
-0.4058262780387081E+001 ,  0.1320301549291089E+002 ,  0.2434515053042069E+002
-0.4048814761945933E+001 ,  0.1459220058351741E+002 ,  0.2435073838364865E+002
-0.4039366743504785E+001 ,  0.1608795328536835E+002 ,  0.2435534110814694E+002
-0.4029918725063636E+001 ,  0.1766176418779301E+002 ,  0.2435895814485983E+002
-0.4020470706622488E+001 ,  0.1926237728608161E+002 ,  0.2436158905440616E+002
-0.4011022688181340E+001 ,  0.2081152395976094E+002 ,  0.2436323351716704E+002
-0.4001574669740191E+001 ,  0.2220640696409091E+002 ,  0.2436389133335274E+002
-0.3992126651299043E+001 ,  0.2333129576426193E+002 ,  0.2436356242304003E+002
-0.3982678632857895E+001 ,  0.2407709101339387E+002 ,  0.2436224682619054E+002
-0.3973230614416747E+001 ,  0.2436389133335274E+002 ,  0.2435994470264256E+002
-0.3963782595975598E+001 ,  0.2415939580123092E+002 ,  0.2435665633207779E+002
-0.3954334577534450E+001 ,  0.2348671872791027E+002 ,  0.2435238211396479E+002
-0.3944886559093302E+001 ,  0.2241877943310133E+002 ,  0.2434712256747978E+002
-0.3935438540652153E+001 ,  0.2106130839350630E+002 ,  0.2434087833139852E+002
-0.3925990522211005E+001 ,  0.1953045869345943E+002 ,  0.2433365016397024E+002
-0.3916542503769856E+001 ,  0.1793228975294955E+002 ,  0.2432543894276136E+002
-0.3907094485328708E+001 ,  0.1634962933196574E+002 ,  0.2431624566448021E+002
-0.3897646466887560E+001 ,  0.1483813601208803E+002 ,  0.2430607144477361E+002
-0.3888198448446411E+001 ,  0.1342969346062238E+002 ,  0.2429491751800250E+002
-0.3878750430005263E+001 ,  0.1213922384837955E+002 ,  0.2428278523699143E+002
-0.3869302411564115E+001 ,  0.1097118675461142E+002 ,  0.2426967607275649E+002
-0.3859854393122967E+001 ,  0.9923792246181920E+001 ,  0.2425559161420576E+002
-0.3850406374681818E+001 ,  0.8990993749989860E+001 ,  0.2424053356782057E+002
-0.3840958356240670E+001 ,  0.8163495163199986E+001 ,  0.2422450375731012E+002
-0.3831510337799521E+001 ,  0.7429934688657490E+001 ,  0.2420750412324201E+002
-0.3822062319358373E+001 ,  0.6778544019127589E+001 ,  0.2418953672265330E+002
-0.3812614300917225E+001 ,  0.6198748536420530E+001 ,  0.2417060372863405E+002
-0.3803166282476076E+001 ,  0.5681973834760292E+001 ,  0.2415070742988872E+002
-0.3793718264034928E+001 ,  0.5221389427197306E+001 ,  0.2412985023027708E+002
-0.3784270245593780E+001 ,  0.4811000615319179E+001 ,  0.2410803464832799E+002
-0.3774822227152632E+001 ,  0.4444852633685077E+001 ,  0.2408526331673466E+002
-0.3765374208711484E+001 ,  0.4116902266310397E+001 ,  0.2406153898182181E+002
-0.3755926190270335E+001 ,  0.3821541807248825E+001 ,  0.2403686450299856E+002
-0.3746478171829187E+001 ,  0.3554271315164762E+001 ,  0.2401124285218008E+002
-0.3737030153388039E+001 ,  0.3311949182611611E+001 ,  0.2398467711319173E+002
-0.3727582134946890E+001 ,  0.3092412914997355E+001 ,  0.2395717048115304E+002
-0.3718134116505742E+001 ,  0.2893747708079969E+001 ,  0.2392872626183312E+002
-0.3708686098064593E+001 ,  0.2713723700054781E+001 ,  0.2389934787099219E+002
-0.3699238079623445E+001 ,  0.2549764780666731E+001 ,  0.2386903883369523E+002
-0.3689790061182297E+001 ,  0.2399398810487035E+001 ,  0.2383780278360963E+002
-0.3680342042741149E+001 ,  0.2260792224388539E+001 ,  0.2380564346227854E+002
-0.3670894024300000E+001 ,  0.2132940744006250E+001 ,  0.2377256471837113E+002
-0.3661446005858852E+001 ,  0.2015373589091252E+001 ,  0.2373857050691915E+002
-0.3651997987417703E+001 ,  0.1907600459257772E+001 ,  0.2370366488852522E+002
-0.3642549968976555E+001 ,  0.1808709834126497E+001 ,  0.2366785202855842E+002
-0.3633101950535407E+001 ,  0.1717393777091253E+001 ,  0.2363113619632333E+002
-0.3623653932094258E+001 ,  0.1632345215494367E+001 ,  0.2359352176421218E+002
-0.3614205913653110E+001 ,  0.1552702496961243E+001 ,  0.2355501320683744E+002
-0.3604757895211962E+001 ,  0.1478199711297279E+001 ,  0.2351561510014481E+002
-0.3595309876770813E+001 ,  0.1408918219288689E+001 ,  0.2347533212050741E+002
-0.3585861858329665E+001 ,  0.1344836908311964E+001 ,  0.2343416904380102E+002
-0.3576413839888517E+001 ,  0.1285519402639437E+001 ,  0.2339213074445964E+002
-0.3566965821447369E+001 ,  0.1230159665694223E+001 ,  0.2334922219451503E+002
-0.3557517803006220E+001 ,  0.1177931815539588E+001 ,  0.2330544846261547E+002
-0.3548069784565071E+001 ,  0.1128366934542655E+001 ,  0.2326081471303093E+002
-0.3538621766123923E+001 ,  0.1081472062414081E+001 ,  0.2321532620463271E+002
-0.3529173747682775E+001 ,  0.1037510655357004E+001 ,  0.2316898828986776E+002
-0.3519725729241626E+001 ,  0.9966192562372755E+000 ,  0.2312180641370509E+002
-0.3510277710800478E+001 ,  0.9585503160873023E+000 ,  0.2307378611257029E+002
-0.3500829692359330E+001 ,  0.9227261894214946E+000 ,  0.2302493301326500E+002
-0.3491381673918182E+001 ,  0.8885508414789486E+000 ,  0.2297525283186796E+002
-0.3481933655477034E+001 ,  0.8557360310794068E+000 ,  0.2292475137262010E+002
-0.3472485637035885E+001 ,  0.8243968968838565E+000 ,  0.2287343452679660E+002
-0.3463037618594737E+001 ,  0.7948525157608772E+000 ,  0.2282130827155997E+002
-0.3453589600153589E+001 ,  0.7672892941561444E+000 ,  0.2276837866880390E+002
-0.3444141581712441E+001 ,  0.7415421571217621E+000 ,  0.2271465186397623E+002
-0.3434693563271292E+001 ,  0.7171523667430935E+000 ,  0.2266013408489239E+002
-0.3425245544830144E+001 ,  0.6936493881161200E+000 ,  0.2260483164053380E+002
-0.3415797526388995E+001 ,  0.6708387165167747E+000 ,  0.2254875091982984E+002
-0.3406349507947847E+001 ,  0.6488798616215453E+000 ,  0.2249189839043150E+002
-0.3396901489506699E+001 ,  0.6281018963600997E+000 ,  0.2243428059746979E+002
-0.3387453471065550E+001 ,  0.6087015960531230E+000 ,  0.2237590416229847E+002
-0.3378005452624402E+001 ,  0.5905528198406765E+000 ,  0.2231677578123125E+002
-0.3368557434183254E+001 ,  0.5732663041266127E+000 ,  0.2225690222426053E+002
-0.3359109415742105E+001 ,  0.5564480830581182E+000 ,  0.2219629033376957E+002
-0.3349661397300957E+001 ,  0.5399576526555998E+000 ,  0.2213494702322944E+002
-0.3340213378859809E+001 ,  0.5239724125987195E+000 ,  0.2207287927588854E+002
-0.3330765360418660E+001 ,  0.5088148032174602E+000 ,  0.2201009414344891E+002
-0.3321317341977512E+001 ,  0.4946772200460520E+000 ,  0.2194659874473475E+002
-0.3311869323536364E+001 ,  0.4814530003192240E+000 ,  0.2188240026434858E+002
-0.3302421305095215E+001 ,  0.4687974048442167E+000 ,  0.2181750595132059E+002
-0.3292973286654067E+001 ,  0.4563674351203963E+000 ,  0.2175192311774642E+002
-0.3283525268212919E+001 ,  0.4440565959843610E+000 ,  0.2168565913741810E+002
-0.3274077249771771E+001 ,  0.4320486435759328E+000 ,  0.2161872144444618E+002
-0.3264629231330622E+001 ,  0.4206538427507908E+000 ,  0.2155111753187215E+002
-0.3255181212889473E+001 ,  0.4100550134675927E+000 ,  0.2148285495027613E+002
-0.3245733194448325E+001 ,  0.4001555782136875E+000 ,  0.2141394130637486E+002
-0.3236285176007177E+001 ,  0.3906414102520385E+000 ,  0.2134438426161381E+002
-0.3226837157566028E+001 ,  0.3812057475329503E+000 ,  0.2127419153075226E+002
-0.3217389139124880E+001 ,  0.3717651760895140E+000 ,  0.2120337088044282E+002
-0.3207941120683732E+001 ,  0.3625047190519595E+000 ,  0.2113193012780420E+002
-0.3198493102242584E+001 ,  0.3537213270912755E+000 ,  0.2105987713898972E+002
-0.3189045083801435E+001 ,  0.3455868827109167E+000 ,  0.2098721982774913E+002
-0.3179597065360287E+001 ,  0.3380100286073086E+000 ,  0.2091396615398671E+002
-0.3170149046919139E+001 ,  0.3306987842652607E+000 ,  0.2084012412231573E+002
-0.3160701028477991E+001 ,  0.3233734366637749E+000 ,  0.2076570178060620E+002
-0.3151253010036842E+001 ,  0.3159672429234833E+000 ,  0.2069070721853289E+002
-0.3141804991595694E+001 ,  0.3086643436133438E+000 ,  0.2061514856611596E+002
-0.3132356973154546E+001 ,  0.3017489883602580E+000 ,  0.2053903399226104E+002
-0.3122908954713397E+001 ,  0.2953823054671236E+000 ,  0.2046237170329801E+002
-0.3113460936272249E+001 ,  0.2894754616508269E+000 ,  0.2038516994151354E+002
-0.3104012917831101E+001 ,  0.2837530661169762E+000 ,  0.2030743698368535E+002
-0.3094564899389952E+001 ,  0.2779563264046955E+000 ,  0.2022918113961377E+002
-0.3085116880948804E+001 ,  0.2720311806937037E+000 ,  0.2015041075065171E+002
-0.3075668862507656E+001 ,  0.2661601364838820E+000 ,  0.2007113418823632E+002
-0.3066220844066507E+001 ,  0.2606160077478226E+000 ,  0.1999135985241475E+002
-0.3056772825625359E+001 ,  0.2555499400109714E+000 ,  0.1991109617037741E+002
-0.3047324807184210E+001 ,  0.2508740225170014E+000 ,  0.1983035159498471E+002
-0.3037876788743062E+001 ,  0.2463255648108039E+000 ,  0.1974913460329915E+002
-0.3028428770301914E+001 ,  0.2416623738540239E+000 ,  0.1966745369511607E+002
-0.3018980751860765E+001 ,  0.2368404607433717E+000 ,  0.1958531739149697E+002
-0.3009532733419617E+001 ,  0.2320406342685840E+000 ,  0.1950273423330263E+002
-0.3000084714978469E+001 ,  0.2275257249410994E+000 ,  0.1941971277973087E+002
-0.2990636696537321E+001 ,  0.2234378455694210E+000 ,  0.1933626160685610E+002
-0.2981188678096172E+001 ,  0.2196889830019875E+000 ,  0.1925238930617076E+002
-0.2971740659655024E+001 ,  0.2160262722057368E+000 ,  0.1916810448312845E+002
-0.2962292641213875E+001 ,  0.2122209306220438E+000 ,  0.1908341575569506E+002
-0.2952844622772727E+001 ,  0.2082372692795941E+000 ,  0.1899833175289996E+002
-0.2943396604331578E+001 ,  0.2042546726922267E+000 ,  0.1891286111339224E+002
-0.2933948585890430E+001 ,  0.2005274321832092E+000 ,  0.1882701248400085E+002
-0.2924500567449282E+001 ,  0.1971895820763950E+000 ,  0.1874079451830115E+002
-0.2915052549008134E+001 ,  0.1941522955517570E+000 ,  0.1865421587518577E+002
-0.2905604530566985E+001 ,  0.1911703076418837E+000 ,  0.1856728521744010E+002
-0.2896156512125837E+001 ,  0.1880258026405670E+000 ,  0.1848001121032449E+002
-0.2886708493684689E+001 ,  0.1846901496397336E+000 ,  0.1839240252016192E+002
-0.2877260475243541E+001 ,  0.1813417521080784E+000 ,  0.1830446781293366E+002
-0.2867812456802393E+001 ,  0.1782277228297555E+000 ,  0.1821621575287861E+002
-0.2858364438361244E+001 ,  0.1754749055331472E+000 ,  0.1812765500110278E+002
-0.2848916419920096E+001 ,  0.1729931224342443E+000 ,  0.1803879421419361E+002
-0.2839468401478948E+001 ,  0.1705429169662835E+000 ,  0.1794964204284472E+002
-0.2830020383037799E+001 ,  0.1679155081022768E+000 ,  0.1786020713048427E+002
-0.2820572364596651E+001 ,  0.1650884348818230E+000 ,  0.1777049811191730E+002
-0.2811124346155502E+001 ,  0.1622396454524346E+000 ,  0.1768052361197070E+002
-0.2801676327714354E+001 ,  0.1596103283228579E+000 ,  0.1759029224415050E+002
-0.2792228309273206E+001 ,  0.1573209342071233E+000 ,  0.1749981260930867E+002
-0.2782780290832057E+001 ,  0.1552794935829721E+000 ,  0.1740909329431599E+002
-0.2773332272390909E+001 ,  0.1532508658972238E+000 ,  0.1731814287074743E+002
-0.2763884253949761E+001 ,  0.1510337359080114E+000 ,  0.1722696989357679E+002
-0.2754436235508612E+001 ,  0.1486111703675222E+000 ,  0.1713558289988086E+002
-0.2744988217067464E+001 ,  0.1461612270914230E+000 ,  0.1704399040755372E+002
-0.2735540198626316E+001 ,  0.1439203186703669E+000 ,  0.1695220091403373E+002
-0.2726092180185168E+001 ,  0.1420032067204121E+000 ,  0.1686022289503896E+002
-0.2716644161744019E+001 ,  0.1403157409013427E+000 ,  0.1676806480331428E+002
-0.2707196143302871E+001 ,  0.1386258158722675E+000 ,  0.1667573506739215E+002
-0.2697748124861723E+001 ,  0.1367382787054574E+000 ,  0.1658324209036201E+002
-0.2688300106420574E+001 ,  0.1346412595129113E+000 ,  0.1649059424865311E+002
-0.2678852087979426E+001 ,  0.1325135092654318E+000 ,  0.1639779989082956E+002
-0.2669404069538277E+001 ,  0.1305877171930903E+000 ,  0.1630486733639646E+002
-0.2659956051097129E+001 ,  0.1289735713564442E+000 ,  0.1621180487462151E+002
-0.2650508032655980E+001 ,  0.1275743760597328E+000 ,  0.1611862076336442E+002
-0.2641060014214832E+001 ,  0.1261599322381214E+000 ,  0.1602532322792462E+002
-0.2631611995773684E+001 ,  0.1245401442083705E+000 ,  0.1593192045989944E+002
-0.2622163977332536E+001 ,  0.1227078748100308E+000 ,  0.1583842061605451E+002
-0.2612715958891387E+001 ,  0.1208431613655243E+000 ,  0.1574483181721106E+002
-0.2603267940450239E+001 ,  0.1191759399790646E+000 ,  0.1565116214714473E+002
-0.2593819922009091E+001 ,  0.1178113607061171E+000 ,  0.1555741965149785E+002
-0.2584371903567943E+001 ,  0.1166498251747452E+000 ,  0.1546361233670795E+002
-0.2574923885126794E+001 ,  0.1154620211942227E+000 ,  0.1536974816894929E+002
-0.2565475866685646E+001 ,  0.1140619562514601E+000 ,  0.1527583507308823E+002
-0.2556027848244498E+001 ,  0.1124469996438978E+000 ,  0.1518188093165497E+002
-0.2546579829803349E+001 ,  0.1107990756790034E+000 ,  0.1508789358382896E+002
-0.2537131811362201E+001 ,  0.1093462692710194E+000 ,  0.1499388082443938E+002
-0.2527683792921053E+001 ,  0.1081896569543137E+000 ,  0.1489985040298098E+002
-0.2518235774479904E+001 ,  0.1072263758176314E+000 ,  0.1480581002264519E+002
-0.2508787756038756E+001 ,  0.1062270595111888E+000 ,  0.1471176733936595E+002
-0.2499339737597608E+001 ,  0.1050089811115718E+000 ,  0.1461772996088271E+002
-0.2489891719156459E+001 ,  0.1035738746381588E+000 ,  0.1452370544581738E+002
-0.2480443700715311E+001 ,  0.1021061607936209E+000 ,  0.1442970130276763E+002
-0.2470995682274163E+001 ,  0.1008329203176939E+000 ,  0.1433572498941620E+002
-0.2461547663833014E+001 ,  0.9985155799339346E-001 ,  0.1424178391165722E+002
-0.2452099645391866E+001 ,  0.9905557137576300E-001 ,  0.1414788542273600E+002
-0.2442651626950718E+001 ,  0.9821465349160505E-001 ,  0.1405403682240836E+002
-0.2433203608509569E+001 ,  0.9714859615809841E-001 ,  0.1396024535611394E+002
-0.2423755590068421E+001 ,  0.9586342743766174E-001 ,  0.1386651821416646E+002
-0.2414307571627273E+001 ,  0.9454668600944323E-001 ,  0.1377286253096068E+002
-0.2404859553186125E+001 ,  0.9342525284647792E-001 ,  0.1367928538419709E+002
-0.2395411534744976E+001 ,  0.9259320737679133E-001 ,  0.1358579379412052E+002
-0.2385963516303828E+001 ,  0.9194001269212795E-001 ,  0.1349239472277813E+002
-0.2376515497862679E+001 ,  0.9123357045408022E-001 ,  0.1339909507329231E+002
-0.2367067479421531E+001 ,  0.9029551541401110E-001 ,  0.1330590168915447E+002
-0.2357619460980382E+001 ,  0.8913616096465683E-001 ,  0.1321282135352750E+002
-0.2348171442539234E+001 ,  0.8794680213077685E-001 ,  0.1311986078857368E+002
-0.2338723424098086E+001 ,  0.8695489310589671E-001 ,  0.1302702665479621E+002
-0.2329275405656937E+001 ,  0.8625148519971891E-001 ,  0.1293432555039673E+002
-0.2319827387215789E+001 ,  0.8572158631962330E-001 ,  0.1284176401065170E+002
-0.2310379368774641E+001 ,  0.8513047627325346E-001 ,  0.1274934850730502E+002
-0.2300931350333493E+001 ,  0.8430101260896238E-001 ,  0.1265708544797810E+002
-0.2291483331892345E+001 ,  0.8324784135291083E-001 ,  0.1256498117559703E+002
-0.2282035313451196E+001 ,  0.8216667444047576E-001 ,  0.1247304196783736E+002
-0.2272587295010048E+001 ,  0.8128629101567682E-001 ,  0.1238127403658472E+002
-0.2263139276568900E+001 ,  0.8069496745596978E-001 ,  0.1228968352741490E+002
-0.2253691258127751E+001 ,  0.8027280454183873E-001 ,  0.1219827651908831E+002
-0.2244243239686603E+001 ,  0.7978163682680146E-001 ,  0.1210705902306474E+002
-0.2234795221245455E+001 ,  0.7904496793999244E-001 ,  0.1201603698303212E+002
-0.2225347202804306E+001 ,  0.7808187624943504E-001 ,  0.1192521627445573E+002
-0.2215899184363158E+001 ,  0.7709317935520826E-001 ,  0.1183460270414090E+002
-0.2206451165922009E+001 ,  0.7630972112944270E-001 ,  0.1174420200981712E+002
-0.2197003147480861E+001 ,  0.7581721623838583E-001 ,  0.1165401985973523E+002
-0.2187555129039713E+001 ,  0.7549036982042528E-001 ,  0.1156406185228401E+002
-0.2178107110598564E+001 ,  0.7508674325224629E-001 ,  0.1147433351562313E+002
-0.2168659092157416E+001 ,  0.7442994300133705E-001 ,  0.1138484030733314E+002
-0.2159211073716268E+001 ,  0.7354363010034547E-001 ,  0.1129558761408307E+002
-0.2149763055275120E+001 ,  0.7263445126097147E-001 ,  0.1120658075131325E+002
-0.2140315036833971E+001 ,  0.7193605154040013E-001 ,  0.1111782496293614E+002
-0.2130867018392823E+001 ,  0.7153176030247288E-001 ,  0.1102932542105532E+002
-0.2121418999951675E+001 ,  0.7129035644191713E-001 ,  0.1094108722569745E+002
-0.2111970981510527E+001 ,  0.7096428510762218E-001 ,  0.1085311540456452E+002
-0.2102522963069378E+001 ,  0.7037673760547095E-001 ,  0.1076541491280109E+002
-0.2093074944628230E+001 ,  0.6955615826521452E-001 ,  0.1067799063277793E+002
-0.2083626926187081E+001 ,  0.6871578806777931E-001 ,  0.1059084737389244E+002
-0.2074178907745932E+001 ,  0.6809281453305321E-001 ,  0.1050398987238548E+002
-0.2064730889304784E+001 ,  0.6776832362949703E-001 ,  0.1041742279117382E+002
-0.2055282870863636E+001 ,  0.6760458945569651E-001 ,  0.1033115071970001E+002
-0.2045834852422488E+001 ,  0.6734807273930883E-001 ,  0.1024517817379647E+002
-0.2036386833981339E+001 ,  0.6682104993218173E-001 ,  0.1015950959556764E+002
-0.2026938815540191E+001 ,  0.6605700057253834E-001 ,  0.1007414935328639E+002
-0.2017490797099043E+001 ,  0.6527657436880598E-001 ,  0.9989101741306056E+001
-0.2008042778657895E+001 ,  0.6472125522835885E-001 ,  0.9904370979990000E+001
-0.1998594760216747E+001 ,  0.6446999466989961E-001 ,  0.9819961215655040E+001
-0.1989146741775598E+001 ,  0.6437792912362079E-001 ,  0.9735876520529912E+001
-0.1979698723334450E+001 ,  0.6418463181022964E-001 ,  0.9652120892731098E+001
-0.1970250704893301E+001 ,  0.6371097699235219E-001 ,  0.9568698256251102E+001
-0.1960802686452153E+001 ,  0.6299578473375332E-001 ,  0.9485612460964672E+001
-0.1951354668011005E+001 ,  0.6226798547863399E-001 ,  0.9402867282647261E+001
-0.1941906649569856E+001 ,  0.6177413377408040E-001 ,  0.9320466423009874E+001
-0.1932458631128708E+001 ,  0.6159112350282787E-001 ,  0.9238413509748300E+001
-0.1923010612687560E+001 ,  0.6156625921838072E-001 ,  0.9156712096606039E+001
-0.1913562594246411E+001 ,  0.6143127890137075E-001 ,  0.9075365663452946E+001
-0.1904114575805263E+001 ,  0.6100517445344604E-001 ,  0.8994377616376807E+001
-0.1894666557364115E+001 ,  0.6033246841424372E-001 ,  0.8913751287789314E+001
-0.1885218538922966E+001 ,  0.5965131055592734E-001 ,  0.8833489936546851E+001
-0.1875770520481818E+001 ,  0.5921412833884714E-001 ,  0.8753596748083352E+001
-0.1866322502040670E+001 ,  0.5909580285169357E-001 ,  0.8674074834558770E+001
-0.1856874483599521E+001 ,  0.5913504342875345E-001 ,  0.8594927235018867E+001
-0.1847426465158373E+001 ,  0.5905475043380436E-001 ,  0.8516156915569908E+001
-0.1837978446717225E+001 ,  0.5867155579014416E-001 ,  0.8437766769565853E+001
-0.1828530428276077E+001 ,  0.5803610742821072E-001 ,  0.8359759617808590E+001
-0.1819082409834928E+001 ,  0.5739678959097189E-001 ,  0.8282138208760708E+001
-0.1809634391393780E+001 ,  0.5701274081611335E-001 ,  0.8204905218771001E+001
-0.1800186372952632E+001 ,  0.5695684178937508E-001 ,  0.8128063252313014E+001
-0.1790738354511483E+001 ,  0.5705836542596376E-001 ,  0.8051614842234837E+001
-0.1781290336070334E+001 ,  0.5703030700522934E-001 ,  0.7975562450021778E+001
-0.1771842317629186E+001 ,  0.5668645925758155E-001 ,  0.7899908466071017E+001
-0.1762394299188038E+001 ,  0.5608408486784294E-001 ,  0.7824655209976081E+001
-0.1752946280746890E+001 ,  0.5548290532570232E-001 ,  0.7749804930826627E+001
-0.1743498262305742E+001 ,  0.5514965251528113E-001 ,  0.7675359807516237E+001
-0.1734050243864593E+001 ,  0.5515518555877667E-001 ,  0.7601321949062922E+001
-0.1724602225423445E+001 ,  0.5531841210107630E-001 ,  0.7527693394940342E+001
-0.1715154206982297E+001 ,  0.5534127868099292E-001 ,  0.7454476115419433E+001
-0.1705706188541148E+001 ,  0.5503425423983178E-001 ,  0.7381672011921715E+001
-0.1696258170100000E+001 ,  0.5446177876632815E-001 ,  0.7309282917381780E+001
-0.1686810151658852E+001 ,  0.5389611382702963E-001 ,  0.7237310596621538E+001
-0.1677362133217703E+001 ,  0.5361251977013447E-001 ,  0.7165756746732920E+001
-0.1667914114776555E+001 ,  0.5367977773678174E-001 ,  0.7094622997471359E+001
-0.1658466096335407E+001 ,  0.5390540257749007E-001 ,  0.7023910911658954E+001
-0.1649018077894258E+001 ,  0.5397906030591438E-001 ,  0.6953621985597311E+001
-0.1639570059453110E+001 ,  0.5370740262571904E-001 ,  0.6883757649488698E+001
-0.1630122041011962E+001 ,  0.5316269070770262E-001 ,  0.6814319267867232E+001
-0.1620674022570813E+001 ,  0.5263104311851171E-001 ,  0.6745308140038980E+001
-0.1611226004129665E+001 ,  0.5239724613096203E-001 ,  0.6676725500530154E+001
-0.1601777985688516E+001 ,  0.5252790894074086E-001 ,  0.6608572519544518E+001
-0.1592329967247368E+001 ,  0.5281801499545859E-001 ,  0.6540850303428408E+001
-0.1582881948806220E+001 ,  0.5294361690689011E-001 ,  0.6473559895144403E+001
-0.1573433930365071E+001 ,  0.5270704366808402E-001 ,  0.6406702274752973E+001
-0.1563985911923923E+001 ,  0.5218911261608004E-001 ,  0.6340278359901218E+001
-0.1554537893482775E+001 ,  0.5169124634713500E-001 ,  0.6274289006319915E+001
-0.1545089875041627E+001 ,  0.5150882738379732E-001 ,  0.6208735008327460E+001
-0.1535641856600479E+001 ,  0.5170615863820106E-001 ,  0.6143617099340888E+001
-0.1526193838159330E+001 ,  0.5206442850212529E-001 ,  0.6078935952394225E+001
-0.1516745819718182E+001 ,  0.5224462806128049E-001 ,  0.6014692180662924E+001
-0.1507297801277033E+001 ,  0.5204424327371383E-001 ,  0.5950886337995881E+001
-0.1497849782835885E+001 ,  0.5155348547248147E-001 ,  0.5887518919452650E+001
-0.1488401764394736E+001 ,  0.5109067688802378E-001 ,  0.5824590361847233E+001
-0.1478953745953588E+001 ,  0.5096295141203297E-001 ,  0.5762101044298538E+001
-0.1469505727512440E+001 ,  0.5123212769917239E-001 ,  0.5700051288785144E+001
-0.1460057709071292E+001 ,  0.5166419475156551E-001 ,  0.5638441360707281E+001
-0.1450609690630144E+001 ,  0.5190350328486090E-001 ,  0.5577271469452610E+001
-0.1441161672188995E+001 ,  0.5174215870408518E-001 ,  0.5516541768968336E+001
-0.1431713653747846E+001 ,  0.5128072121094075E-001 ,  0.5456252358337597E+001
-0.1422265635306699E+001 ,  0.5085617845035469E-001 ,  0.5396403282361200E+001
-0.1412817616865550E+001 ,  0.5078866949244371E-001 ,  0.5336994532143282E+001
-0.1403369598424401E+001 ,  0.5113730365942342E-001 ,  0.5278026045681970E+001
-0.1393921579983254E+001 ,  0.5165130818621676E-001 ,  0.5219497708463991E+001
-0.1384473561542105E+001 ,  0.5195666704002217E-001 ,  0.5161409354063214E+001
-0.1375025543100956E+001 ,  0.5183954882498768E-001 ,  0.5103760764743102E+001
-0.1365577524659809E+001 ,  0.5141195195353177E-001 ,  0.5046551672062918E+001
-0.1356129506218660E+001 ,  0.5103149119413998E-001 ,  0.4989781757487298E+001
-0.1346681487777512E+001 ,  0.5103268004146675E-001 ,  0.4933450652998870E+001
-0.1337233469336364E+001 ,  0.5147164312665498E-001 ,  0.4877557941714556E+001
-0.1327785450895215E+001 ,  0.5207910656978922E-001 ,  0.4822103158503902E+001
-0.1318337432454066E+001 ,  0.5246079572580450E-001 ,  0.4767085790610939E+001
-0.1308889414012919E+001 ,  0.5239636736361029E-001 ,  0.4712505278277932E+001
-0.1299441395571770E+001 ,  0.5201050386256939E-001 ,  0.4658361015372390E+001
-0.1289993377130621E+001 ,  0.5168363629890721E-001 ,  0.4604652350014975E+001
-0.1280545358689474E+001 ,  0.5176615838675203E-001 ,  0.4551378585210474E+001
-0.1271097340248325E+001 ,  0.5231088255892783E-001 ,  0.4498538979479923E+001
-0.1261649321807177E+001 ,  0.5302809765077188E-001 ,  0.4446132747495226E+001
-0.1252201303366029E+001 ,  0.5350119471179385E-001 ,  0.4394159060713895E+001
-0.1242753284924880E+001 ,  0.5350272769201426E-001 ,  0.4342617048016876E+001
-0.1233305266483732E+001 ,  0.5317149386980435E-001 ,  0.4291505796345609E+001
-0.1223857248042584E+001 ,  0.5291319748923476E-001 ,  0.4240824351341571E+001
-0.1214409229601435E+001 ,  0.5309578307279730E-001 ,  0.4190571717985891E+001
-0.1204961211160287E+001 ,  0.5376837286131811E-001 ,  0.4140746861239657E+001
-0.1195513192719138E+001 ,  0.5461866639215775E-001 ,  0.4091348706685089E+001
-0.1186065174277990E+001 ,  0.5520544413962183E-001 ,  0.4042376141166294E+001
-0.1176617155836842E+001 ,  0.5529355907034890E-001 ,  0.3993828013431320E+001
-0.1167169137395693E+001 ,  0.5503757946672697E-001 ,  0.3945703134772998E+001
-0.1157721118954545E+001 ,  0.5487126151191325E-001 ,  0.3898000279670104E+001
-0.1148273100513397E+001 ,  0.5518197675059464E-001 ,  0.3850718186428763E+001
-0.1138825082072248E+001 ,  0.5601473878748523E-001 ,  0.3803855557822427E+001
-0.1129377063631101E+001 ,  0.5703227621701175E-001 ,  0.3757411061731892E+001
-0.1119929045189952E+001 ,  0.5776627191411032E-001 ,  0.3711383331785028E+001
-0.1110481026748803E+001 ,  0.5797329398876769E-001 ,  0.3665770967993790E+001
-0.1101033008307656E+001 ,  0.5782562339373958E-001 ,  0.3620572537392331E+001
-0.1091584989866507E+001 ,  0.5778824818160751E-001 ,  0.3575786574672912E+001
-0.1082136971425358E+001 ,  0.5827011369178493E-001 ,  0.3531411582819861E+001
-0.1072688952984211E+001 ,  0.5931169548596428E-001 ,  0.3487446033743765E+001
-0.1063240934543062E+001 ,  0.6054814230028016E-001 ,  0.3443888368912548E+001
-0.1053792916101914E+001 ,  0.6148135041345255E-001 ,  0.3400736999981275E+001
-0.1044344897660766E+001 ,  0.6185908358221793E-001 ,  0.3357990309420609E+001
-0.1034896879219617E+001 ,  0.6187366389341654E-001 ,  0.3315646651142329E+001
-0.1025448860778468E+001 ,  0.6202502091816515E-001 ,  0.3273704351124103E+001
-0.1016000842337321E+001 ,  0.6274620638032646E-001 ,  0.3232161708030182E+001
-0.1006552823896172E+001 ,  0.6407279307571670E-001 ,  0.3191016993831555E+001
-0.9971048054550233E+000 ,  0.6560956003414403E-001 ,  0.3150268454422471E+001
-0.9876567870138757E+000 ,  0.6682578559997858E-001 ,  0.3109914310234815E+001
-0.9782087685727272E+000 ,  0.6746009239940734E-001 ,  0.3069952756849670E+001
-0.9687607501315787E+000 ,  0.6772775050931563E-001 ,  0.3030381965606229E+001
-0.9593127316904311E+000 ,  0.6816810676788852E-001 ,  0.2991200084207096E+001
-0.9498647132492821E+000 ,  0.6924146790318629E-001 ,  0.2952405237321990E+001
-0.9404166948081336E+000 ,  0.7097839446769887E-001 ,  0.2913995527186407E+001
-0.9309686763669851E+000 ,  0.7295048997363819E-001 ,  0.2875969034198679E+001
-0.9215206579258375E+000 ,  0.7459163820738172E-001 ,  0.2838323817512707E+001
-0.9120726394846885E+000 ,  0.7563145924193942E-001 ,  0.2801057915627597E+001
-0.9026246210435400E+000 ,  0.7631206861668340E-001 ,  0.2764169346973639E+001
-0.8931766026023924E+000 ,  0.7721797045137208E-001 ,  0.2727656110494919E+001
-0.8837285841612439E+000 ,  0.7884100988180219E-001 ,  0.2691516186227632E+001
-0.8742805657200949E+000 ,  0.8120737764044879E-001 ,  0.2655747535875056E+001
-0.8648325472789473E+000 ,  0.8385317795689180E-001 ,  0.2620348103378545E+001
-0.8553845288377988E+000 ,  0.8617476460692987E-001 ,  0.2585315815484321E+001
-0.8459365103966503E+000 ,  0.8789414318609197E-001 ,  0.2550648582306209E+001
-0.8364884919555027E+000 ,  0.8928617054079707E-001 ,  0.2516344297884493E+001
-0.8270404735143537E+000 ,  0.9098871721001678E-001 ,  0.2482400840740057E+001
-0.8175924550732052E+000 ,  0.9353190321016039E-001 ,  0.2448816074424665E+001
-0.8081444366320576E+000 ,  0.9694032547499333E-001 ,  0.2415587848066556E+001
-0.7986964181909091E+000 ,  0.1007142449185961E+000 ,  0.2382713996911620E+001
-0.7892483997497601E+000 ,  0.1042127609164073E+000 ,  0.2350192342860129E+001
-0.7798003813086125E+000 ,  0.1071551270768507E+000 ,  0.2318020694998681E+001
-0.7703523628674640E+000 ,  0.1098596208279510E+000 ,  0.2286196850127781E+001
-0.7609043444263155E+000 ,  0.1130314794806332E+000 ,  0.2254718593284215E+001
-0.7514563259851679E+000 ,  0.1172520503216811E+000 ,  0.2223583698259078E+001
-0.7420083075440189E+000 ,  0.1225534165554266E+000 ,  0.2192789928110758E+001
-0.7325602891028704E+000 ,  0.1284063626221094E+000 ,  0.2162335035672947E+001
-0.7231122706617228E+000 ,  0.1341410596106274E+000 ,  0.2132216764057672E+001
-0.7136642522205743E+000 ,  0.1394893020305186E+000 ,  0.2102432847153631E+001
-0.7042162337794253E+000 ,  0.1448368005264656E+000 ,  0.2072981010118778E+001
-0.6947682153382768E+000 ,  0.1509861434562190E+000 ,  0.2043858969868690E+001
-0.6853201968971292E+000 ,  0.1586008327152985E+000 ,  0.2015064435558869E+001
-0.6758721784559807E+000 ,  0.1677492129029140E+000 ,  0.1986595109062525E+001
-0.6664241600148317E+000 ,  0.1779011444186515E+000 ,  0.1958448685442714E+001
-0.6569761415736841E+000 ,  0.1883926436102694E+000 ,  0.1930622853419297E+001
-0.6475281231325356E+000 ,  0.1990159942999759E+000 ,  0.1903115295830576E+001
-0.6380801046913871E+000 ,  0.2102882434453660E+000 ,  0.1875923690089531E+001
-0.6286320862502395E+000 ,  0.2231860042301409E+000 ,  0.1849045708634763E+001
-0.6191840678090905E+000 ,  0.2385379660279231E+000 ,  0.1822479019375822E+001
-0.6097360493679420E+000 ,  0.2565339698909029E+000 ,  0.1796221286133329E+001
-0.6002880309267944E+000 ,  0.2767325115584492E+000 ,  0.1770270169073097E+001
-0.5908400124856459E+000 ,  0.2985766182703773E+000 ,  0.1744623325135465E+001
-0.5813919940444969E+000 ,  0.3220377195669021E+000 ,  0.1719278408458625E+001
-0.5719439756033493E+000 ,  0.3478965384442447E+000 ,  0.1694233070796405E+001
-0.5624959571622008E+000 ,  0.3774314595712501E+000 ,  0.1669484961930488E+001
-0.5530479387210523E+000 ,  0.4117282309349968E+000 ,  0.1645031730077288E+001
-0.5435999202799047E+000 ,  0.4511149280605233E+000 ,  0.1620871022288794E+001
-0.5341519018387557E+000 ,  0.4951344855268993E+000 ,  0.1597000484848033E+001
-0.5247038833976072E+000 ,  0.5430506528286778E+000 ,  0.1573417763658933E+001
-0.5152558649564596E+000 ,  0.5944505954040686E+000 ,  0.1550120504630475E+001
-0.5058078465153111E+000 ,  0.6493928137272346E+000 ,  0.1527106354054963E+001
-0.4963598280741621E+000 ,  0.7078595464782670E+000 ,  0.1504372958981013E+001
-0.4869118096330145E+000 ,  0.7687986519056321E+000 ,  0.1481917967580417E+001
-0.4774637911918660E+000 ,  0.8294007766981641E+000 ,  0.1459739029509820E+001
-0.4680157727507175E+000 ,  0.8851799715445522E+000 ,  0.1437833796266354E+001
-0.4585677543095685E+000 ,  0.9309475477058770E+000 ,  0.1416199921537541E+001
-0.4491197358684209E+000 ,  0.9622164240058886E+000 ,  0.1394835061545918E+001
-0.4396717174272724E+000 ,  0.9763265394081508E+000 ,  0.1373736875387523E+001
-0.4302236989861239E+000 ,  0.9727995717391184E+000 ,  0.1352903025364876E+001
-0.4207756805449763E+000 ,  0.9529391069954807E+000 ,  0.1332331177314511E+001
-0.4113276621038273E+000 ,  0.9191189159773464E+000 ,  0.1312019000928392E+001
-0.4018796436626788E+000 ,  0.8742566227669353E+000 ,  0.1291964170070097E+001
-0.3924316252215312E+000 ,  0.8216555177440772E+000 ,  0.1272164363084932E+001
-0.3829836067803827E+000 ,  0.7649957379909808E+000 ,  0.1252617263104915E+001
-0.3735355883392337E+000 ,  0.7081022646958701E+000 ,  0.1233320558347681E+001
-0.3640875698980861E+000 ,  0.6543343344116701E+000 ,  0.1214271942409994E+001
-0.3546395514569376E+000 ,  0.6058437582172951E+000 ,  0.1195469114555640E+001
-0.3451915330157891E+000 ,  0.5631918000431413E+000 ,  0.1176909779997748E+001
-0.3357435145746415E+000 ,  0.5256660083665438E+000 ,  0.1158591650175414E+001
-0.3262954961334925E+000 ,  0.4921791305866362E+000 ,  0.1140512443025023E+001
-0.3168474776923440E+000 ,  0.4622024496128762E+000 ,  0.1122669883245879E+001
-0.3073994592511964E+000 ,  0.4361288817026921E+000 ,  0.1105061702560345E+001
-0.2979514408100479E+000 ,  0.4148504995238049E+000 ,  0.1087685639968521E+001
-0.2885034223688989E+000 ,  0.3989013332887315E+000 ,  0.1070539441997619E+001
-0.2790554039277513E+000 ,  0.3878386492881165E+000 ,  0.1053620862945683E+001
-0.2696073854866028E+000 ,  0.3803606571570694E+000 ,  0.1036927665119957E+001
-0.2601593670454543E+000 ,  0.3751016415327975E+000 ,  0.1020457619070162E+001
-0.2507113486043067E+000 ,  0.3715181944694497E+000 ,  0.1004208503815827E+001
-0.2412633301631577E+000 ,  0.3701851687528530E+000 ,  0.9881781070690333E+000
-0.2318153117220092E+000 ,  0.3722428669756224E+000 ,  0.9723642254513593E+000
-0.2223672932808602E+000 ,  0.3783710314200882E+000 ,  0.9567646647057380E+000
-0.2129192748397131E+000 ,  0.3880337838023910E+000 ,  0.9413772399031636E+000
-0.2034712563985641E+000 ,  0.3995556591512636E+000 ,  0.9261997756440307E+000
-0.1940232379574156E+000 ,  0.4109792060418724E+000 ,  0.9112301062545631E+000
-0.1845752195162680E+000 ,  0.4210739231052961E+000 ,  0.8964660759779737E+000
-0.1751272010751195E+000 ,  0.4297571375645144E+000 ,  0.8819055391604568E+000
-0.1656791826339705E+000 ,  0.4376407770117164E+000 ,  0.8675463604324830E+000
-0.1562311641928229E+000 ,  0.4450947355454813E+000 ,  0.8533864148846301E+000
-0.1467831457516744E+000 ,  0.4515986933611732E+000 ,  0.8394235882388871E+000
-0.1373351273105254E+000 ,  0.4559365615936537E+000 ,  0.8256557770146489E+000
-0.1278871088693783E+000 ,  0.4571242423422252E+000 ,  0.8120808886901354E+000
-0.1184390904282293E+000 ,  0.4553568839861009E+000 ,  0.7986968418589055E+000
-0.1089910719870808E+000 ,  0.4521930502446937E+000 ,  0.7855015663812960E+000
-0.9954305354593318E-001 ,  0.4497383862653742E+000 ,  0.7724930035314819E+000
-0.9009503510478467E-001 ,  0.4493547824526591E+000 ,  0.7596691061396422E+000
-0.8064701666363572E-001 ,  0.4508212308318857E+000 ,  0.7470278387293569E+000
-0.7119899822248810E-001 ,  0.4525839625766449E+000 ,  0.7345671776505800E+000
-0.6175097978133959E-001 ,  0.4529468340748776E+000 ,  0.7222851112079681E+000
-0.5230296134019063E-001 ,  0.4513480792040821E+000 ,  0.7101796397844018E+000
-0.4285494289904346E-001 ,  0.4487847922947507E+000 ,  0.6982487759606772E+000
-0.3340692445789450E-001 ,  0.4470654969735183E+000 ,  0.6864905446298259E+000
-0.2395890601674600E-001 ,  0.4474443933872425E+000 ,  0.6749029831079251E+000
-0.1451088757559837E-001 ,  0.4496627938207684E+000 ,  0.6634841412399046E+000
-0.5062869134449866E-002 ,  0.4521268020384815E+000 ,  0.6522320815015115E+000
 0.4385149306698644E-002 ,  0.4530951687056297E+000 ,  0.6411448790966506E+000
 0.1383316774784760E-001 ,  0.4519788233103542E+000 ,  0.6302206220507804E+000
 0.2328118618899566E-001 ,  0.4497569640255613E+000 ,  0.6194574113000604E+000
 0.3272920463014373E-001 ,  0.4481823929473001E+000 ,  0.6088533607762857E+000
 0.4217722307129268E-001 ,  0.4483834974806135E+000 ,  0.5984065974880283E+000
 0.5162524151243986E-001 ,  0.4499550934108861E+000 ,  0.5881152615973858E+000
 0.6107325995358881E-001 ,  0.4512757898964784E+000 ,  0.5779775064931979E+000
 0.7052127839473776E-001 ,  0.4508445779978210E+000 ,  0.5679914988599790E+000
 0.7996929683588494E-001 ,  0.4486097916311999E+000 ,  0.5581554187433132E+000
 0.8941731527703389E-001 ,  0.4462142682693030E+000 ,  0.5484674596110491E+000
 0.9886533371818285E-001 ,  0.4458735602215243E+000 ,  0.5389258284112516E+000
 0.1083133521593300E+000 ,  0.4486612370092671E+000 ,  0.5295287456259162E+000
 0.1177613706004790E+000 ,  0.4534894885895251E+000 ,  0.5202744453214797E+000
 0.1272093890416270E+000 ,  0.4576216765857225E+000 ,  0.5111611751953458E+000
 0.1366574074827751E+000 ,  0.4584384316708482E+000 ,  0.5021871966192820E+000
 0.1461054259239241E+000 ,  0.4552234996855505E+000 ,  0.4933507846787265E+000
 0.1555534443650721E+000 ,  0.4496725971333597E+000 ,  0.4846502282094016E+000
 0.1650014628062202E+000 ,  0.4447368272721776E+000 ,  0.4760838298297943E+000
 0.1744494812473683E+000 ,  0.4426341278778215E+000 ,  0.4676499059708146E+000
 0.1838974996885172E+000 ,  0.4434820170127534E+000 ,  0.4593467869019033E+000
 0.1933455181296653E+000 ,  0.4455396446268183E+000 ,  0.4511728167539727E+000
 0.2027935365708133E+000 ,  0.4468281551978101E+000 ,  0.4431263535391624E+000
 0.2122415550119623E+000 ,  0.4468410687919930E+000 ,  0.4352057691674933E+000
 0.2216895734531095E+000 ,  0.4469758944653233E+000 ,  0.4274094494602506E+000
 0.2311375918942584E+000 ,  0.4493009466741513E+000 ,  0.4197357941606430E+000
 0.2405856103354074E+000 ,  0.4545868251275111E+000 ,  0.4121832169412358E+000
 0.2500336287765546E+000 ,  0.4611694221343516E+000 ,  0.4047501454085389E+000
 0.2594816472177035E+000 ,  0.4656491105206347E+000 ,  0.3974350211046777E+000
 0.2689296656588525E+000 ,  0.4650555051813419E+000 ,  0.3902362995063245E+000
 0.2783776841000005E+000 ,  0.4589479747939722E+000 ,  0.3831524500207873E+000
 0.2878257025411486E+000 ,  0.4498815429952926E+000 ,  0.3761819559793576E+000
 0.2972737209822967E+000 ,  0.4418234235714725E+000 ,  0.3693233146279958E+000
 0.3067217394234456E+000 ,  0.4376201318911300E+000 ,  0.3625750371154798E+000
 0.3161697578645937E+000 ,  0.4373468936831468E+000 ,  0.3559356484788341E+000
 0.3256177763057417E+000 ,  0.4387375130998825E+000 ,  0.3494036876264021E+000
 0.3350657947468907E+000 ,  0.4393361151420755E+000 ,  0.3429777073182331E+000
 0.3445138131880379E+000 ,  0.4386942730430616E+000 ,  0.3366562741443195E+000
 0.3539618316291868E+000 ,  0.4388733626819497E+000 ,  0.3304379685001645E+000
 0.3634098500703358E+000 ,  0.4427886065344154E+000 ,  0.3243213845602890E+000
 0.3728578685114829E+000 ,  0.4516088268239891E+000 ,  0.3183051302493397E+000
 0.3823058869526319E+000 ,  0.4632265191102768E+000 ,  0.3123878272109007E+000
 0.3917539053937809E+000 ,  0.4730889676065230E+000 ,  0.3065681107743317E+000
 0.4012019238349280E+000 ,  0.4769330639020328E+000 ,  0.3008446299193113E+000
 0.4106499422760770E+000 ,  0.4734969079244788E+000 ,  0.2952160472382881E+000
 0.4200979607172250E+000 ,  0.4652234539939002E+000 ,  0.2896810388971167E+000
 0.4295459791583731E+000 ,  0.4564159792119915E+000 ,  0.2842382945933475E+000
 0.4389939975995221E+000 ,  0.4501973466535988E+000 ,  0.2788865175130150E+000
 0.4484420160406701E+000 ,  0.4465365905481499E+000 ,  0.2736244242851307E+000
 0.4578900344818182E+000 ,  0.4428170913754833E+000 ,  0.2684507449345959E+000
 0.4673380529229663E+000 ,  0.4364909659353627E+000 ,  0.2633642228332194E+000
 0.4767860713641152E+000 ,  0.4277435036822325E+000 ,  0.2583636146490023E+000
 0.4862340898052633E+000 ,  0.4200321438842022E+000 ,  0.2534476902936822E+000
 0.4956821082464113E+000 ,  0.4179551600093842E+000 ,  0.2486152328686543E+000
 0.5051301266875603E+000 ,  0.4239676550541364E+000 ,  0.2438650386092421E+000
 0.5145781451287093E+000 ,  0.4364196426375388E+000 ,  0.2391959168275191E+000
 0.5240261635698564E+000 ,  0.4504690260424993E+000 ,  0.2346066898533246E+000
 0.5334741820110054E+000 ,  0.4612721827071248E+000 ,  0.2300961929741362E+000
 0.5429222004521543E+000 ,  0.4670964059187434E+000 ,  0.2256632743732032E+000
 0.5523702188933015E+000 ,  0.4700022703729879E+000 ,  0.2213067950664884E+000
 0.5618182373344505E+000 ,  0.4735649356217990E+000 ,  0.2170256288381279E+000
 0.5712662557755985E+000 ,  0.4793930029441849E+000 ,  0.2128186621746359E+000
 0.5807142742167466E+000 ,  0.4852028887710670E+000 ,  0.2086847941978416E+000
 0.5901622926578947E+000 ,  0.4860917476027186E+000 ,  0.2046229365964481E+000
 0.5996103110990436E+000 ,  0.4782056759915332E+000 ,  0.2006320135566811E+000
 0.6090583295401917E+000 ,  0.4620676178772672E+000 ,  0.1967109616914735E+000
 0.6185063479813397E+000 ,  0.4429331566061469E+000 ,  0.1928587299687871E+000
 0.6279543664224887E+000 ,  0.4276919074888255E+000 ,  0.1890742796386487E+000
 0.6374023848636359E+000 ,  0.4204570476600220E+000 ,  0.1853565841593466E+000
 0.6468504033047848E+000 ,  0.4200834585954476E+000 ,  0.1817046291224377E+000
 0.6562984217459338E+000 ,  0.4215179088789382E+000 ,  0.1781174121769628E+000
 0.6657464401870810E+000 ,  0.4200407315468298E+000 ,  0.1745939429526343E+000
 0.6751944586282299E+000 ,  0.4152290946961381E+000 ,  0.1711332429821073E+000
 0.6846424770693789E+000 ,  0.4115872557125324E+000 ,  0.1677343456225792E+000
 0.6940904955105260E+000 ,  0.4152443990034375E+000 ,  0.1643962959763109E+000
 0.7035385139516750E+000 ,  0.4291166875643821E+000 ,  0.1611181508106237E+000
 0.7129865323928239E+000 ,  0.4501904023727031E+000 ,  0.1578989784769731E+000
 0.7224345508339711E+000 ,  0.4710842899163615E+000 ,  0.1547378588293210E+000
 0.7318825692751201E+000 ,  0.4848508370810884E+000 ,  0.1516338831419966E+000
 0.7413305877162681E+000 ,  0.4894777115335510E+000 ,  0.1485861540267344E+000
 0.7507786061574171E+000 ,  0.4886930038559074E+000 ,  0.1455937853491490E+000
 0.7602266245985643E+000 ,  0.4884346794152673E+000 ,  0.1426559021446480E+000
 0.7696746430397132E+000 ,  0.4916746497190559E+000 ,  0.1397716405338736E+000
 0.7791226614808622E+000 ,  0.4956384151850634E+000 ,  0.1369401476374081E+000
 0.7885706799220094E+000 ,  0.4937191846322510E+000 ,  0.1341605814902470E+000
 0.7980186983631583E+000 ,  0.4807886135575432E+000 ,  0.1314321109556717E+000
 0.8074667168043073E+000 ,  0.4578743721363782E+000 ,  0.1287539156387444E+000
 0.8169147352454544E+000 ,  0.4324630926151113E+000 ,  0.1261251857993758E+000
 0.8263627536866034E+000 ,  0.4138991060185117E+000 ,  0.1235451222650369E+000
 0.8358107721277523E+000 ,  0.4071217743103991E+000 ,  0.1210129363431866E+000
 0.8452587905688995E+000 ,  0.4094232120225000E+000 ,  0.1185278497333150E+000
 0.8547068090100485E+000 ,  0.4128023848108175E+000 ,  0.1160890944387438E+000
 0.8641548274511965E+000 ,  0.4103148445794504E+000 ,  0.1136959126781417E+000
 0.8736028458923446E+000 ,  0.4016999185850327E+000 ,  0.1113475567968509E+000
 0.8830508643334936E+000 ,  0.3939488194993169E+000 ,  0.1090432891780213E+000
 0.8924988827746416E+000 ,  0.3962003747991116E+000 ,  0.1067823821534645E+000
 0.9019469012157897E+000 ,  0.4126810083344566E+000 ,  0.1045641179145060E+000
 0.9113949196569378E+000 ,  0.4390365144735387E+000 ,  0.1023877884225854E+000
 0.9208429380980867E+000 ,  0.4649823913870170E+000 ,  0.1002526953198117E+000
 0.9302909565392339E+000 ,  0.4814437054985759E+000 ,  0.9815814983940939E-001
 0.9397389749803828E+000 ,  0.4868442736961362E+000 ,  0.9610347271618998E-001
 0.9491869934215318E+000 ,  0.4876919839361491E+000 ,  0.9408799409685747E-001
 0.9586350118626790E+000 ,  0.4928640990296916E+000 ,  0.9211105345038785E-001
 0.9680830303038279E+000 ,  0.5058742187667654E+000 ,  0.9017199947841929E-001
 0.9775310487449769E+000 ,  0.5211486999402540E+000 ,  0.8827019002570012E-001
 0.9869790671861249E+000 ,  0.5274741096791492E+000 ,  0.8640499199038738E-001
 0.9964270856272730E+000 ,  0.5163259190386597E+000 ,  0.8457578123477059E-001
 0.1005875104068422E+001 ,  0.4888641544258552E+000 ,  0.8278194249577663E-001
 0.1015323122509570E+001 ,  0.4560898379888204E+000 ,  0.8102286929572179E-001
 0.1024771140950718E+001 ,  0.4316549763859875E+000 ,  0.7929796385320834E-001
 0.1034219159391866E+001 ,  0.4224385625075687E+000 ,  0.7760663699414135E-001
