-0.6514747575085647E+001 ,  0.3476826719299875E-001 ,  0.5803711791494010E+001
-0.6505299556644498E+001 ,  0.3545518122061099E-001 ,  0.5866493975294421E+001
-0.6495851538203349E+001 ,  0.3590017455727549E-001 ,  0.5929715152790824E+001
-0.6486403519762201E+001 ,  0.3596092946954198E-001 ,  0.5993374906462137E+001
-0.6476955501321052E+001 ,  0.3578799237694981E-001 ,  0.6057472760724614E+001
-0.6467507482879904E+001 ,  0.3570763567720404E-001 ,  0.6122008181386056E+001
-0.6458059464438756E+001 ,  0.3597427549418187E-001 ,  0.6186980575105834E+001
-0.6448611445997608E+001 ,  0.3658025716976118E-001 ,  0.6252389288861487E+001
-0.6439163427556460E+001 ,  0.3726516435853401E-001 ,  0.6318233609421434E+001
-0.6429715409115311E+001 ,  0.3771497497737709E-001 ,  0.6384512762824868E+001
-0.6420267390674162E+001 ,  0.3779886513506699E-001 ,  0.6451225913868188E+001
-0.6410819372233014E+001 ,  0.3766519228831325E-001 ,  0.6518372165598713E+001
-0.6401371353791866E+001 ,  0.3762636356499360E-001 ,  0.6585950558814992E+001
-0.6391923335350718E+001 ,  0.3792187168029836E-001 ,  0.6653960071575860E+001
-0.6382475316909570E+001 ,  0.3853919028270254E-001 ,  0.6722399618715709E+001
-0.6373027298468422E+001 ,  0.3922642578770949E-001 ,  0.6791268051368878E+001
-0.6363579280027273E+001 ,  0.3968478419021249E-001 ,  0.6860564156500951E+001
-0.6354131261586124E+001 ,  0.3979389618973249E-001 ,  0.6930286656449818E+001
-0.6344683243144976E+001 ,  0.3970018143065401E-001 ,  0.7000434208472947E+001
-0.6335235224703828E+001 ,  0.3970350227322095E-001 ,  0.7071005404305704E+001
-0.6325787206262680E+001 ,  0.4002980307553169E-001 ,  0.7141998769727296E+001
-0.6316339187821532E+001 ,  0.4066208632048793E-001 ,  0.7213412764135310E+001
-0.6306891169380384E+001 ,  0.4135613374721914E-001 ,  0.7285245780130454E+001
-0.6297443150939235E+001 ,  0.4182695118963037E-001 ,  0.7357496143110509E+001
-0.6287995132498086E+001 ,  0.4196369944950380E-001 ,  0.7430162110873575E+001
-0.6278547114056938E+001 ,  0.4191111953225827E-001 ,  0.7503241873231119E+001
-0.6269099095615790E+001 ,  0.4195774870840107E-001 ,  0.7576733551631476E+001
-0.6259651077174642E+001 ,  0.4231722676304535E-001 ,  0.7650635198792872E+001
-0.6250203058733494E+001 ,  0.4296842203255877E-001 ,  0.7724944798348250E+001
-0.6240755040292346E+001 ,  0.4367399315832042E-001 ,  0.7799660264498141E+001
-0.6231307021851197E+001 ,  0.4416143923745434E-001 ,  0.7874779441677114E+001
-0.6221859003410048E+001 ,  0.4432862885683680E-001 ,  0.7950300104228919E+001
-0.6212410984968900E+001 ,  0.4431889167518412E-001 ,  0.8026219956094872E+001
-0.6202962966527751E+001 ,  0.4441057106066903E-001 ,  0.8102536630511510E+001
-0.6193514948086603E+001 ,  0.4480612974002542E-001 ,  0.8179247689720553E+001
-0.6184066929645455E+001 ,  0.4548058182062646E-001 ,  0.8256350624691139E+001
-0.6174618911204306E+001 ,  0.4620270679289258E-001 ,  0.8333842854853575E+001
-0.6165170892763158E+001 ,  0.4671129784139462E-001 ,  0.8411721727844444E+001
-0.6155722874322009E+001 ,  0.4691220027727357E-001 ,  0.8489984519264453E+001
-0.6146274855880861E+001 ,  0.4694760836913562E-001 ,  0.8568628432449438E+001
-0.6136826837439713E+001 ,  0.4708672556693897E-001 ,  0.8647650598252190E+001
-0.6127378818998565E+001 ,  0.4752186207493979E-001 ,  0.8727048074838663E+001
-0.6117930800557416E+001 ,  0.4822440592039910E-001 ,  0.8806817847496134E+001
-0.6108482782116268E+001 ,  0.4896853744081950E-001 ,  0.8886956828454673E+001
-0.6099034763675120E+001 ,  0.4950323932233984E-001 ,  0.8967461856722261E+001
-0.6089586745233971E+001 ,  0.4974168436300141E-001 ,  0.9048329697931941E+001
-0.6080138726792823E+001 ,  0.4982521704844615E-001 ,  0.9129557044204445E+001
-0.6070690708351675E+001 ,  0.5001488811015010E-001 ,  0.9211140514023054E+001
-0.6061242689910527E+001 ,  0.5049378860464238E-001 ,  0.9293076652123162E+001
-0.6051794671469379E+001 ,  0.5122986122691890E-001 ,  0.9375361929394890E+001
-0.6042346653028230E+001 ,  0.5200199713966495E-001 ,  0.9457992742801219E+001
-0.6032898634587081E+001 ,  0.5256834697285315E-001 ,  0.9540965415308818E+001
-0.6023450616145933E+001 ,  0.5284883548592576E-001 ,  0.9624276195834897E+001
-0.6014002597704785E+001 ,  0.5298425407364685E-001 ,  0.9707921259207625E+001
-0.6004554579263637E+001 ,  0.5322843088809688E-001 ,  0.9791896706141415E+001
-0.5995106560822489E+001 ,  0.5375609059896070E-001 ,  0.9876198563227595E+001
-0.5985658542381340E+001 ,  0.5453186740576578E-001 ,  0.9960822782939085E+001
-0.5976210523940192E+001 ,  0.5533869734330112E-001 ,  0.1004576524365153E+002
-0.5966762505499044E+001 ,  0.5594294995986490E-001 ,  0.1013102174967832E+002
-0.5957314487057895E+001 ,  0.5627079324162952E-001 ,  0.1021658803132214E+002
-0.5947866468616747E+001 ,  0.5646277518064900E-001 ,  0.1030245974494098E+002
-0.5938418450175599E+001 ,  0.5676638362270064E-001 ,  0.1038863247303019E+002
-0.5928970431734450E+001 ,  0.5734875845770535E-001 ,  0.1047510172432105E+002
-0.5919522413293302E+001 ,  0.5817132099468248E-001 ,  0.1056186293389347E+002
-0.5910074394852153E+001 ,  0.5902040441466042E-001 ,  0.1064891146330600E+002
-0.5900626376411005E+001 ,  0.5966971109674295E-001 ,  0.1073624260074141E+002
-0.5891178357969856E+001 ,  0.6005120448038365E-001 ,  0.1082385156116816E+002
-0.5881730339528708E+001 ,  0.6030551427599173E-001 ,  0.1091173348651855E+002
-0.5872282321087560E+001 ,  0.6067463126400313E-001 ,  0.1099988344588305E+002
-0.5862834302646412E+001 ,  0.6131882954760821E-001 ,  0.1108829643572004E+002
-0.5853386284205263E+001 ,  0.6219637383200031E-001 ,  0.1117696738008416E+002
-0.5843938265764115E+001 ,  0.6309635907909435E-001 ,  0.1126589113086917E+002
-0.5834490247322966E+001 ,  0.6379898850942103E-001 ,  0.1135506246806814E+002
-0.5825042228881818E+001 ,  0.6424162939445960E-001 ,  0.1144447610005061E+002
-0.5815594210440670E+001 ,  0.6456533675499153E-001 ,  0.1153412666385630E+002
-0.5806146191999522E+001 ,  0.6500741716570346E-001 ,  0.1162400872550585E+002
-0.5796698173558373E+001 ,  0.6572194309420663E-001 ,  0.1171411678032782E+002
-0.5787250155117225E+001 ,  0.6666404078717793E-001 ,  0.1180444525330289E+002
-0.5777802136676076E+001 ,  0.6762493798669837E-001 ,  0.1189498849942587E+002
-0.5768354118234928E+001 ,  0.6839055264490590E-001 ,  0.1198574080408342E+002
-0.5758906099793780E+001 ,  0.6890331656870434E-001 ,  0.1207669638344948E+002
-0.5749458081352632E+001 ,  0.6930507590093540E-001 ,  0.1216784938489807E+002
-0.5740010062911484E+001 ,  0.6982924414841619E-001 ,  0.1225919388743241E+002
-0.5730562044470335E+001 ,  0.7062430860697802E-001 ,  0.1235072390213214E+002
-0.5721114026029187E+001 ,  0.7164223751651520E-001 ,  0.1244243337261735E+002
-0.5711666007588039E+001 ,  0.7267576252601161E-001 ,  0.1253431617552847E+002
-0.5702217989146890E+001 ,  0.7351576837015637E-001 ,  0.1262636612102614E+002
-0.5692769970705742E+001 ,  0.7410946157106070E-001 ,  0.1271857695330575E+002
-0.5683321952264594E+001 ,  0.7459987203523299E-001 ,  0.1281094235113105E+002
-0.5673873933823445E+001 ,  0.7521729850737828E-001 ,  0.1290345592838223E+002
-0.5664425915382297E+001 ,  0.7610521857318631E-001 ,  0.1299611123462509E+002
-0.5654977896941149E+001 ,  0.7721238493603702E-001 ,  0.1308890175569385E+002
-0.5645529878500000E+001 ,  0.7833239779972877E-001 ,  0.1318182091429378E+002
-0.5636081860058852E+001 ,  0.7926039156608153E-001 ,  0.1327486207061803E+002
-0.5626633841617704E+001 ,  0.7994810530151168E-001 ,  0.1336801852298521E+002
-0.5617185823176555E+001 ,  0.8054017782685070E-001 ,  0.1346128350849187E+002
-0.5607737804735407E+001 ,  0.8126456798199139E-001 ,  0.1355465020367952E+002
-0.5598289786294258E+001 ,  0.8226028447757357E-001 ,  0.1364811172522526E+002
-0.5588841767853110E+001 ,  0.8347276791921887E-001 ,  0.1374166113064338E+002
-0.5579393749411962E+001 ,  0.8469583811750962E-001 ,  0.1383529141900635E+002
-0.5569945730970813E+001 ,  0.8572818583249107E-001 ,  0.1392899553168230E+002
-0.5560497712529665E+001 ,  0.8652588744339264E-001 ,  0.1402276635308895E+002
-0.5551049694088517E+001 ,  0.8723565538221077E-001 ,  0.1411659671146467E+002
-0.5541601675647368E+001 ,  0.8808389019692968E-001 ,  0.1421047937965637E+002
-0.5532153657206220E+001 ,  0.8920564417913793E-001 ,  0.1430440707592232E+002
-0.5522705638765072E+001 ,  0.9054290839493148E-001 ,  0.1439837246475452E+002
-0.5513257620323923E+001 ,  0.9188905192813002E-001 ,  0.1449236815771345E+002
-0.5503809601882775E+001 ,  0.9304564559657938E-001 ,  0.1458638671428314E+002
-0.5494361583441627E+001 ,  0.9397295538449910E-001 ,  0.1468042064273939E+002
-0.5484913565000479E+001 ,  0.9482028036983688E-001 ,  0.1477446240103441E+002
-0.5475465546559331E+001 ,  0.9581326262554593E-001 ,  0.1486850439770041E+002
-0.5466017528118182E+001 ,  0.9708348844695947E-001 ,  0.1496253899276425E+002
-0.5456569509677034E+001 ,  0.9856931833758860E-001 ,  0.1505655849868180E+002
-0.5447121491235886E+001 ,  0.1000629703005864E+000 ,  0.1515055518128618E+002
-0.5437673472794737E+001 ,  0.1013682293143839E+000 ,  0.1524452126075070E+002
-0.5428225454353589E+001 ,  0.1024494529482280E+000 ,  0.1533844891256922E+002
-0.5418777435912441E+001 ,  0.1034590994036787E+000 ,  0.1543233026854940E+002
-0.5409329417471292E+001 ,  0.1046228835610554E+000 ,  0.1552615741782382E+002
-0.5399881399030144E+001 ,  0.1060694008473098E+000 ,  0.1561992240787175E+002
-0.5390433380588996E+001 ,  0.1077331530027118E+000 ,  0.1571361724556010E+002
-0.5380985362147847E+001 ,  0.1094044669069636E+000 ,  0.1580723389819617E+002
-0.5371537343706699E+001 ,  0.1108886798141413E+000 ,  0.1590076429459535E+002
-0.5362089325265551E+001 ,  0.1121541967451288E+000 ,  0.1599420032616345E+002
-0.5352641306824403E+001 ,  0.1133572811597861E+000 ,  0.1608753384799335E+002
-0.5343193288383254E+001 ,  0.1147245993515758E+000 ,  0.1618075667997292E+002
-0.5333745269942106E+001 ,  0.1163822232646296E+000 ,  0.1627386060791100E+002
-0.5324297251500957E+001 ,  0.1182605159782952E+000 ,  0.1636683738467327E+002
-0.5314849233059808E+001 ,  0.1201471226383042E+000 ,  0.1645967873133257E+002
-0.5305401214618660E+001 ,  0.1218482688544549E+000 ,  0.1655237633833215E+002
-0.5295953196177512E+001 ,  0.1233364237925350E+000 ,  0.1664492186666268E+002
-0.5286505177736364E+001 ,  0.1247723944402183E+000 ,  0.1673730694904927E+002
-0.5277057159295215E+001 ,  0.1263847440123208E+000 ,  0.1682952319115509E+002
-0.5267609140854067E+001 ,  0.1282974896018084E+000 ,  0.1692156217279257E+002
-0.5258161122412918E+001 ,  0.1304365186371578E+000 ,  0.1701341544914992E+002
-0.5248713103971770E+001 ,  0.1325859411344604E+000 ,  0.1710507455202830E+002
-0.5239265085530622E+001 ,  0.1345521997138222E+000 ,  0.1719653099108999E+002
-0.5229817067089474E+001 ,  0.1363119160087377E+000 ,  0.1728777625511794E+002
-0.5220369048648325E+001 ,  0.1380312953946410E+000 ,  0.1737880181328728E+002
-0.5210921030207177E+001 ,  0.1399418353714579E+000 ,  0.1746959911644662E+002
-0.5201473011766029E+001 ,  0.1421659794578544E+000 ,  0.1756015959841018E+002
-0.5192024993324880E+001 ,  0.1446247392816160E+000 ,  0.1765047467725942E+002
-0.5182576974883732E+001 ,  0.1470977600049596E+000 ,  0.1774053575665703E+002
-0.5173128956442584E+001 ,  0.1493910184189174E+000 ,  0.1783033422716621E+002
-0.5163680938001436E+001 ,  0.1514854650276198E+000 ,  0.1791986146758507E+002
-0.5154232919560287E+001 ,  0.1535537080868305E+000 ,  0.1800910884628528E+002
-0.5144784901119139E+001 ,  0.1558313414454880E+000 ,  0.1809806772256147E+002
-0.5135336882677991E+001 ,  0.1584397443567306E+000 ,  0.1818672944799024E+002
-0.5125888864236842E+001 ,  0.1612945831495755E+000 ,  0.1827508536779658E+002
-0.5116440845795694E+001 ,  0.1641700175491568E+000 ,  0.1836312682222692E+002
-0.5106992827354546E+001 ,  0.1668708627448245E+000 ,  0.1845084514793201E+002
-0.5097544808913398E+001 ,  0.1693826876164659E+000 ,  0.1853823167935676E+002
-0.5088096790472249E+001 ,  0.1718857031350521E+000 ,  0.1862527775013568E+002
-0.5078648772031101E+001 ,  0.1746209309532798E+000 ,  0.1871197469449800E+002
-0.5069200753589953E+001 ,  0.1777092454323278E+000 ,  0.1879831384867601E+002
-0.5059752735148804E+001 ,  0.1810604237087259E+000 ,  0.1888428655232119E+002
-0.5050304716707656E+001 ,  0.1844420141711724E+000 ,  0.1896988414992772E+002
-0.5040856698266508E+001 ,  0.1876569654258907E+000 ,  0.1905509799225819E+002
-0.5031408679825359E+001 ,  0.1906959058254381E+000 ,  0.1913991943777715E+002
-0.5021960661384210E+001 ,  0.1937481092058324E+000 ,  0.1922433985408842E+002
-0.5012512642943062E+001 ,  0.1970615888455854E+000 ,  0.1930835061937874E+002
-0.5003064624501914E+001 ,  0.2007573569594627E+000 ,  0.1939194312386124E+002
-0.4993616606060765E+001 ,  0.2047386820313596E+000 ,  0.1947510877122821E+002
-0.4984168587619617E+001 ,  0.2087652581135151E+000 ,  0.1955783898010509E+002
-0.4974720569178469E+001 ,  0.2126374668229419E+000 ,  0.1964012518550459E+002
-0.4965272550737321E+001 ,  0.2163516491017437E+000 ,  0.1972195884029292E+002
-0.4955824532296172E+001 ,  0.2201079573780406E+000 ,  0.1980333141664528E+002
-0.4946376513855024E+001 ,  0.2241632848908549E+000 ,  0.1988423440751433E+002
-0.4936928495413876E+001 ,  0.2286395607661109E+000 ,  0.1996465932809708E+002
-0.4927480476972727E+001 ,  0.2334328582997297E+000 ,  0.2004459771730259E+002
-0.4918032458531579E+001 ,  0.2382936538677496E+000 ,  0.2012404113921997E+002
-0.4908584440090431E+001 ,  0.2430190996983697E+000 ,  0.2020298118459129E+002
-0.4899136421649283E+001 ,  0.2476122119793841E+000 ,  0.2028140947227934E+002
-0.4889688403208134E+001 ,  0.2522863377652176E+000 ,  0.2035931765073950E+002
-0.4880240384766986E+001 ,  0.2573096035771538E+000 ,  0.2043669739949073E+002
-0.4870792366325838E+001 ,  0.2628058590564689E+000 ,  0.2051354043058432E+002
-0.4861344347884689E+001 ,  0.2686632590765417E+000 ,  0.2058983849007329E+002
-0.4851896329443541E+001 ,  0.2746215968876166E+000 ,  0.2066558335947975E+002
-0.4842448311002393E+001 ,  0.2804742431746834E+000 ,  0.2074076685726051E+002
-0.4833000292561245E+001 ,  0.2862323243640498E+000 ,  0.2081538084027066E+002
-0.4823552274120096E+001 ,  0.2921254274832824E+000 ,  0.2088941720522541E+002
-0.4814104255678948E+001 ,  0.2984359547274396E+000 ,  0.2096286789015808E+002
-0.4804656237237800E+001 ,  0.3052910584771377E+000 ,  0.2103572487587454E+002
-0.4795208218796651E+001 ,  0.3125702936673690E+000 ,  0.2110798018740705E+002
-0.4785760200355503E+001 ,  0.3200012709838172E+000 ,  0.2117962589546051E+002
-0.4776312181914355E+001 ,  0.3273732881124493E+000 ,  0.2125065411785586E+002
-0.4766864163473206E+001 ,  0.3347077718700568E+000 ,  0.2132105702097041E+002
-0.4757416145032058E+001 ,  0.3422547034679433E+000 ,  0.2139082682117048E+002
-0.4747968126590909E+001 ,  0.3503148681294600E+000 ,  0.2145995578624075E+002
-0.4738520108149761E+001 ,  0.3590207639757921E+000 ,  0.2152843623680702E+002
-0.4729072089708612E+001 ,  0.3682428900128098E+000 ,  0.2159626054775284E+002
-0.4719624071267464E+001 ,  0.3776953224898435E+000 ,  0.2166342114963011E+002
-0.4710176052826315E+001 ,  0.3871635680470275E+000 ,  0.2172991053006172E+002
-0.4700728034385167E+001 ,  0.3966828136450438E+000 ,  0.2179572123513988E+002
-0.4691280015944019E+001 ,  0.4065293608824416E+000 ,  0.2186084587081239E+002
-0.4681831997502871E+001 ,  0.4170282172085508E+000 ,  0.2192527710426589E+002
-0.4672383979061722E+001 ,  0.4283204736955748E+000 ,  0.2198900766529604E+002
-0.4662935960620574E+001 ,  0.4402677622141039E+000 ,  0.2205203034767420E+002
-0.4653487942179426E+001 ,  0.4525698616633885E+000 ,  0.2211433801050023E+002
-0.4644039923738277E+001 ,  0.4650100051745162E+000 ,  0.2217592357954954E+002
-0.4634591905297129E+001 ,  0.4776428554676618E+000 ,  0.2223678004860832E+002
-0.4625143886855981E+001 ,  0.4907799626956789E+000 ,  0.2229690048079988E+002
-0.4615695868414832E+001 ,  0.5047793869393168E+000 ,  0.2235627800989986E+002
-0.4606247849973684E+001 ,  0.5197963693989196E+000 ,  0.2241490584164222E+002
-0.4596799831532536E+001 ,  0.5356854712804905E+000 ,  0.2247277725501080E+002
-0.4587351813091388E+001 ,  0.5521330528827475E+000 ,  0.2252988560352323E+002
-0.4577903794650239E+001 ,  0.5689242778352612E+000 ,  0.2258622431650135E+002
-0.4568455776209091E+001 ,  0.5861432638016558E+000 ,  0.2264178690032955E+002
-0.4559007757767943E+001 ,  0.6041511806809097E+000 ,  0.2269656693969947E+002
-0.4549559739326794E+001 ,  0.6233535127121370E+000 ,  0.2275055809884514E+002
-0.4540111720885646E+001 ,  0.6439299104050173E+000 ,  0.2280375412276182E+002
-0.4530663702444498E+001 ,  0.6657335453729458E+000 ,  0.2285614883841258E+002
-0.4521215684003350E+001 ,  0.6884424331396326E+000 ,  0.2290773615592184E+002
-0.4511767665562201E+001 ,  0.7118538932426393E+000 ,  0.2295851006975361E+002
-0.4502319647121053E+001 ,  0.7361001180450762E+000 ,  0.2300846465987532E+002
-0.4492871628679905E+001 ,  0.7616169409099798E+000 ,  0.2305759409290805E+002
-0.4483423610238756E+001 ,  0.7888827642333179E+000 ,  0.2310589262326175E+002
-0.4473975591797608E+001 ,  0.8181221548572105E+000 ,  0.2315335459425276E+002
-0.4464527573356460E+001 ,  0.8492021046270107E+000 ,  0.2319997443920894E+002
-0.4455079554915311E+001 ,  0.8818080060422030E+000 ,  0.2324574668255621E+002
-0.4445631536474163E+001 ,  0.9157737318929047E+000 ,  0.2329066594089086E+002
-0.4436183518033014E+001 ,  0.9513171293782131E+000 ,  0.2333472692403231E+002
-0.4426735499591866E+001 ,  0.9889966223739707E+000 ,  0.2337792443606409E+002
-0.4417287481150717E+001 ,  0.1029413475961800E+001 ,  0.2342025337635159E+002
-0.4407839462709569E+001 ,  0.1072881841187105E+001 ,  0.2346170874054905E+002
-0.4398391444268421E+001 ,  0.1119322174051576E+001 ,  0.2350228562158103E+002
-0.4388943425827273E+001 ,  0.1168470936332386E+001 ,  0.2354197921061363E+002
-0.4379495407386124E+001 ,  0.1220258590860138E+001 ,  0.2358078479800287E+002
-0.4370047388944976E+001 ,  0.1275071771771737E+001 ,  0.2361869777422529E+002
-0.4360599370503828E+001 ,  0.1333693688306391E+001 ,  0.2365571363079055E+002
-0.4351151352062679E+001 ,  0.1396957905540043E+001 ,  0.2369182796113610E+002
-0.4341703333621531E+001 ,  0.1465375125451599E+001 ,  0.2372703646149934E+002
-0.4332255315180383E+001 ,  0.1539025872916275E+001 ,  0.2376133493177461E+002
-0.4322807296739235E+001 ,  0.1617819509555070E+001 ,  0.2379471927634430E+002
-0.4313359278298086E+001 ,  0.1701940398422710E+001 ,  0.2382718550489874E+002
-0.4303911259856938E+001 ,  0.1792148150119749E+001 ,  0.2385872973322761E+002
-0.4294463241415790E+001 ,  0.1889696586563677E+001 ,  0.2388934818399504E+002
-0.4285015222974641E+001 ,  0.1995922419461850E+001 ,  0.2391903718749418E+002
-0.4275567204533493E+001 ,  0.2111816860401488E+001 ,  0.2394779318237989E+002
-0.4266119186092345E+001 ,  0.2237925859500687E+001 ,  0.2397561271637889E+002
-0.4256671167651197E+001 ,  0.2374689042044871E+001 ,  0.2400249244698444E+002
-0.4247223149210048E+001 ,  0.2522991933625637E+001 ,  0.2402842914212177E+002
-0.4237775130768900E+001 ,  0.2684526980457494E+001 ,  0.2405341968079716E+002
-0.4228327112327752E+001 ,  0.2861686304713482E+001 ,  0.2407746105372425E+002
-0.4218879093886603E+001 ,  0.3057063322066046E+001 ,  0.2410055036392857E+002
-0.4209431075445455E+001 ,  0.3272958697253139E+001 ,  0.2412268482732712E+002
-0.4199983057004307E+001 ,  0.3511315787929842E+001 ,  0.2414386177328898E+002
-0.4190535038563158E+001 ,  0.3774207099561357E+001 ,  0.2416407864517390E+002
-0.4181087020122010E+001 ,  0.4064570336622597E+001 ,  0.2418333300084407E+002
-0.4171639001680862E+001 ,  0.4386675151171660E+001 ,  0.2420162251315729E+002
-0.4162190983239713E+001 ,  0.4745978909393900E+001 ,  0.2421894497043586E+002
-0.4152742964798565E+001 ,  0.5148494819513012E+001 ,  0.2423529827691070E+002
-0.4143294946357416E+001 ,  0.5600203188449566E+001 ,  0.2425068045314646E+002
-0.4133846927916268E+001 ,  0.6107052759386196E+001 ,  0.2426508963643961E+002
-0.4124398909475119E+001 ,  0.6675667167974261E+001 ,  0.2427852408119289E+002
-0.4114950891033971E+001 ,  0.7314284973828219E+001 ,  0.2429098215927021E+002
-0.4105502872592823E+001 ,  0.8033168438706717E+001 ,  0.2430246236032409E+002
-0.4096054854151675E+001 ,  0.8843977616801308E+001 ,  0.2431296329210216E+002
-0.4086606835710526E+001 ,  0.9758262255723313E+001 ,  0.2432248368072559E+002
-0.4077158817269378E+001 ,  0.1078576364107064E+002 ,  0.2433102237095004E+002
-0.4067710798828229E+001 ,  0.1193314489986262E+002 ,  0.2433857832639726E+002
-0.4058262780387081E+001 ,  0.1320301546154666E+002 ,  0.2434515062976655E+002
-0.4048814761945933E+001 ,  0.1459220063818458E+002 ,  0.2435073848301723E+002
-0.4039366743504785E+001 ,  0.1608795338467099E+002 ,  0.2435534120753493E+002
-0.4029918725063636E+001 ,  0.1766176425658135E+002 ,  0.2435895824426245E+002
-0.4020470706622488E+001 ,  0.1926237727231313E+002 ,  0.2436158915381920E+002
-0.4011022688181340E+001 ,  0.2081152387386746E+002 ,  0.2436323361658728E+002
-0.4001574669740191E+001 ,  0.2220640687107734E+002 ,  0.2436389143277543E+002
-0.3992126651299043E+001 ,  0.2333129573451667E+002 ,  0.2436356252246093E+002
-0.3982678632857895E+001 ,  0.2407709106943057E+002 ,  0.2436224692560634E+002
-0.3973230614416747E+001 ,  0.2436389143277543E+002 ,  0.2435994480204920E+002
-0.3963782595975598E+001 ,  0.2415939586880111E+002 ,  0.2435665643147101E+002
-0.3954334577534450E+001 ,  0.2348671871247529E+002 ,  0.2435238221334044E+002
-0.3944886559093302E+001 ,  0.2241877934630924E+002 ,  0.2434712266683410E+002
-0.3935438540652153E+001 ,  0.2106130830101722E+002 ,  0.2434087843072745E+002
-0.3925990522211005E+001 ,  0.1953045866527946E+002 ,  0.2433365026326938E+002
-0.3916542503769856E+001 ,  0.1793228981044842E+002 ,  0.2432543904202731E+002
-0.3907094485328708E+001 ,  0.1634962943167555E+002 ,  0.2431624576370828E+002
-0.3897646466887560E+001 ,  0.1483813607855582E+002 ,  0.2430607154396011E+002
-0.3888198448446411E+001 ,  0.1342969344349824E+002 ,  0.2429491761714360E+002
-0.3878750430005263E+001 ,  0.1213922376055086E+002 ,  0.2428278533608349E+002
-0.3869302411564115E+001 ,  0.1097118666250953E+002 ,  0.2426967617179485E+002
-0.3859854393122967E+001 ,  0.9923792219545899E+001 ,  0.2425559171318655E+002
-0.3850406374681818E+001 ,  0.8990993809075366E+001 ,  0.2424053366674003E+002
-0.3840958356240670E+001 ,  0.8163495263383886E+001 ,  0.2422450385616387E+002
-0.3831510337799521E+001 ,  0.7429934754138706E+001 ,  0.2420750422202666E+002
-0.3822062319358373E+001 ,  0.6778544000276688E+001 ,  0.2418953682136472E+002
-0.3812614300917225E+001 ,  0.6198748447395475E+001 ,  0.2417060382726774E+002
-0.3803166282476076E+001 ,  0.5681973742882756E+001 ,  0.2415070752844160E+002
-0.3793718264034928E+001 ,  0.5221389402059792E+001 ,  0.2412985032874483E+002
-0.3784270245593780E+001 ,  0.4811000676088128E+001 ,  0.2410803474670648E+002
-0.3774822227152632E+001 ,  0.4444852734497737E+001 ,  0.2408526341502002E+002
-0.3765374208711484E+001 ,  0.4116902330886338E+001 ,  0.2406153908001043E+002
-0.3755926190270335E+001 ,  0.3821541786603227E+001 ,  0.2403686460108693E+002
-0.3746478171829187E+001 ,  0.3554271224763106E+001 ,  0.2401124295016401E+002
-0.3737030153388039E+001 ,  0.3311949090791543E+001 ,  0.2398467721106710E+002
-0.3727582134946890E+001 ,  0.3092412891321285E+001 ,  0.2395717057891619E+002
-0.3718134116505742E+001 ,  0.2893747770644735E+001 ,  0.2392872635947996E+002
-0.3708686098064593E+001 ,  0.2713723801664190E+001 ,  0.2389934796851899E+002
-0.3699238079623445E+001 ,  0.2549764844425356E+001 ,  0.2386903893109862E+002
-0.3689790061182297E+001 ,  0.2399398787980863E+001 ,  0.2383780288088572E+002
-0.3680342042741149E+001 ,  0.2260792132436811E+001 ,  0.2380564355942307E+002
-0.3670894024300000E+001 ,  0.2132940652092381E+001 ,  0.2377256481538074E+002
-0.3661446005858852E+001 ,  0.2015373566862495E+001 ,  0.2373857060379004E+002
-0.3651997987417703E+001 ,  0.1907600523754262E+001 ,  0.2370366498525375E+002
-0.3642549968976555E+001 ,  0.1808709936716614E+001 ,  0.2366785212514063E+002
-0.3633101950535407E+001 ,  0.1717393840126828E+001 ,  0.2363113629275582E+002
-0.3623653932094258E+001 ,  0.1632345191062067E+001 ,  0.2359352186049121E+002
-0.3614205913653110E+001 ,  0.1552702403286537E+001 ,  0.2355501330295927E+002
-0.3604757895211962E+001 ,  0.1478199619145975E+001 ,  0.2351561519610603E+002
-0.3595309876770813E+001 ,  0.1408918198509192E+001 ,  0.2347533221630425E+002
-0.3585861858329665E+001 ,  0.1344836974893148E+001 ,  0.2343416913942978E+002
-0.3576413839888517E+001 ,  0.1285519506405056E+001 ,  0.2339213083991711E+002
-0.3566965821447369E+001 ,  0.1230159728099912E+001 ,  0.2334922228979739E+002
-0.3557517803006220E+001 ,  0.1177931789106859E+001 ,  0.2330544855771922E+002
-0.3548069784565071E+001 ,  0.1128366838964688E+001 ,  0.2326081480795187E+002
-0.3538621766123923E+001 ,  0.1081471969882559E+001 ,  0.2321532629936832E+002
-0.3529173747682775E+001 ,  0.1037510636037796E+001 ,  0.2316898838441454E+002
-0.3519725729241626E+001 ,  0.9966193250676897E+000 ,  0.2312180650805903E+002
-0.3510277710800478E+001 ,  0.9585504212278247E+000 ,  0.2307378620672841E+002
-0.3500829692359330E+001 ,  0.9227262512845623E+000 ,  0.2302493310722368E+002
-0.3491381673918182E+001 ,  0.8885508129573579E+000 ,  0.2297525292562424E+002
-0.3481933655477034E+001 ,  0.8557359334041585E+000 ,  0.2292475146617029E+002
-0.3472485637035885E+001 ,  0.8243968038245869E+000 ,  0.2287343462013681E+002
-0.3463037618594737E+001 ,  0.7948524979184705E+000 ,  0.2282130836468766E+002
-0.3453589600153589E+001 ,  0.7672893654091758E+000 ,  0.2276837876171574E+002
-0.3444141581712441E+001 ,  0.7415422638392346E+000 ,  0.2271465195666893E+002
-0.3434693563271292E+001 ,  0.7171524281417698E+000 ,  0.2266013417736267E+002
-0.3425245544830144E+001 ,  0.6936493573993939E+000 ,  0.2260483173277832E+002
-0.3415797526388995E+001 ,  0.6708386165336300E+000 ,  0.2254875101184548E+002
-0.3406349507947847E+001 ,  0.6488797678797918E+000 ,  0.2249189848221523E+002
-0.3396901489506699E+001 ,  0.6281018800156566E+000 ,  0.2243428068901856E+002
-0.3387453471065550E+001 ,  0.6087016699116562E+000 ,  0.2237590425360856E+002
-0.3378005452624402E+001 ,  0.5905529283409732E+000 ,  0.2231677587230018E+002
-0.3368557434183254E+001 ,  0.5732663651302560E+000 ,  0.2225690231508542E+002
-0.3359109415742105E+001 ,  0.5564480500219344E+000 ,  0.2219629042434706E+002
-0.3349661397300957E+001 ,  0.5399575501365445E+000 ,  0.2213494711355653E+002
-0.3340213378859809E+001 ,  0.5239723180135870E+000 ,  0.2207287936596234E+002
-0.3330765360418660E+001 ,  0.5088147883988822E+000 ,  0.2201009423326644E+002
-0.3321317341977512E+001 ,  0.4946772967057246E+000 ,  0.2194659883429334E+002
-0.3311869323536364E+001 ,  0.4814531108148554E+000 ,  0.2188240035364511E+002
-0.3302421305095215E+001 ,  0.4687974655161456E+000 ,  0.2181750604035220E+002
-0.3292973286654067E+001 ,  0.4563673996240450E+000 ,  0.2175192320651053E+002
-0.3283525268212919E+001 ,  0.4440564906852484E+000 ,  0.2168565922591182E+002
-0.3274077249771771E+001 ,  0.4320485479819863E+000 ,  0.2161872153266651E+002
-0.3264629231330622E+001 ,  0.4206538294961683E+000 ,  0.2155111761981681E+002
-0.3255181212889473E+001 ,  0.4100550931408914E+000 ,  0.2148285503794228E+002
-0.3245733194448325E+001 ,  0.4001556909284130E+000 ,  0.2141394139375959E+002
-0.3236285176007177E+001 ,  0.3906414706522293E+000 ,  0.2134438434871501E+002
-0.3226837157566028E+001 ,  0.3812057094205702E+000 ,  0.2127419161756691E+002
-0.3217389139124880E+001 ,  0.3717650677514099E+000 ,  0.2120337096696831E+002
-0.3207941120683732E+001 ,  0.3625046222812577E+000 ,  0.2113193021403806E+002
-0.3198493102242584E+001 ,  0.3537213154520906E+000 ,  0.2105987722492969E+002
-0.3189045083801435E+001 ,  0.3455869656314419E+000 ,  0.2098721991339257E+002
-0.3179597065360287E+001 ,  0.3380101437792328E+000 ,  0.2091396623933133E+002
-0.3170149046919139E+001 ,  0.3306988444524684E+000 ,  0.2084012420735889E+002
-0.3160701028477991E+001 ,  0.3233733957648803E+000 ,  0.2076570186534578E+002
-0.3151253010036842E+001 ,  0.3159671312721580E+000 ,  0.2069070730296648E+002
-0.3141804991595694E+001 ,  0.3086642454960023E+000 ,  0.2061514865024111E+002
-0.3132356973154546E+001 ,  0.3017489784030756E+000 ,  0.2053903407607586E+002
-0.3122908954713397E+001 ,  0.2953823918918004E+000 ,  0.2046237178679975E+002
-0.3113460936272249E+001 ,  0.2894755795344860E+000 ,  0.2038517002470032E+002
-0.3104012917831101E+001 ,  0.2837531261484601E+000 ,  0.2030743706655496E+002
-0.3094564899389952E+001 ,  0.2779562825322718E+000 ,  0.2022918122216395E+002
-0.3085116880948804E+001 ,  0.2720310654374150E+000 ,  0.2015041083288068E+002
-0.3075668862507656E+001 ,  0.2661600368462606E+000 ,  0.2007113427014156E+002
-0.3066220844066507E+001 ,  0.2606159995545280E+000 ,  0.1999135993399446E+002
-0.3056772825625359E+001 ,  0.2555500302213458E+000 ,  0.1991109625162948E+002
-0.3047324807184210E+001 ,  0.2508741433836057E+000 ,  0.1983035167590729E+002
-0.3037876788743062E+001 ,  0.2463256247410327E+000 ,  0.1974913468389046E+002
-0.3028428770301914E+001 ,  0.2416623268013019E+000 ,  0.1966745377537402E+002
-0.3018980751860765E+001 ,  0.2368403415688901E+000 ,  0.1958531747141979E+002
-0.3009532733419617E+001 ,  0.2320405329309477E+000 ,  0.1950273431288854E+002
-0.3000084714978469E+001 ,  0.2275257186080149E+000 ,  0.1941971285897788E+002
-0.2990636696537321E+001 ,  0.2234379398718136E+000 ,  0.1933626168576261E+002
-0.2981188678096172E+001 ,  0.2196891071391391E+000 ,  0.1925238938473489E+002
-0.2971740659655024E+001 ,  0.2160263320841519E+000 ,  0.1916810456134872E+002
-0.2962292641213875E+001 ,  0.2122208801583091E+000 ,  0.1908341583356971E+002
-0.2952844622772727E+001 ,  0.2082371458481243E+000 ,  0.1899833183042760E+002
-0.2943396604331578E+001 ,  0.2042545694660229E+000 ,  0.1891286119057112E+002
-0.2933948585890430E+001 ,  0.2005274278209149E+000 ,  0.1882701256082929E+002
-0.2924500567449282E+001 ,  0.1971896808030288E+000 ,  0.1874079459477770E+002
-0.2915052549008134E+001 ,  0.1941524232639862E+000 ,  0.1865421595130896E+002
-0.2905604530566985E+001 ,  0.1911703675113678E+000 ,  0.1856728529320879E+002
-0.2896156512125837E+001 ,  0.1880257485080974E+000 ,  0.1848001128573689E+002
-0.2886708493684689E+001 ,  0.1846900215833520E+000 ,  0.1839240259521693E+002
-0.2877260475243541E+001 ,  0.1813416467944599E+000 ,  0.1830446788762982E+002
-0.2867812456802393E+001 ,  0.1782277205640563E+000 ,  0.1821621582721459E+002
-0.2858364438361244E+001 ,  0.1754750090449127E+000 ,  0.1812765507507727E+002
-0.2848916419920096E+001 ,  0.1729932540451333E+000 ,  0.1803879428780567E+002
-0.2839468401478948E+001 ,  0.1705429768628703E+000 ,  0.1794964211609284E+002
-0.2830020383037799E+001 ,  0.1679154500138903E+000 ,  0.1786020720336747E+002
-0.2820572364596651E+001 ,  0.1650883018013473E+000 ,  0.1777049818443440E+002
-0.2811124346155502E+001 ,  0.1622395378419353E+000 ,  0.1768052368412062E+002
-0.2801676327714354E+001 ,  0.1596103282977736E+000 ,  0.1759029231593234E+002
-0.2792228309273206E+001 ,  0.1573210428977519E+000 ,  0.1749981268072127E+002
-0.2782780290832057E+001 ,  0.1552796294386243E+000 ,  0.1740909336535817E+002
-0.2773332272390909E+001 ,  0.1532509258512270E+000 ,  0.1731814294141864E+002
-0.2763884253949761E+001 ,  0.1510336735458639E+000 ,  0.1722696996387602E+002
-0.2754436235508612E+001 ,  0.1486110318306092E+000 ,  0.1713558296980700E+002
-0.2744988217067464E+001 ,  0.1461611169647432E+000 ,  0.1704399047710633E+002
-0.2735540198626316E+001 ,  0.1439203210515323E+000 ,  0.1695220098321169E+002
-0.2726092180185168E+001 ,  0.1420033210218965E+000 ,  0.1686022296384144E+002
-0.2716644161744019E+001 ,  0.1403158813743424E+000 ,  0.1676806487174077E+002
-0.2707196143302871E+001 ,  0.1386258759089864E+000 ,  0.1667573513544196E+002
-0.2697748124861723E+001 ,  0.1367382117189527E+000 ,  0.1658324215803430E+002
-0.2688300106420574E+001 ,  0.1346411150522090E+000 ,  0.1649059431594741E+002
-0.2678852087979426E+001 ,  0.1325133963935241E+000 ,  0.1639779995774511E+002
-0.2669404069538277E+001 ,  0.1305877221714069E+000 ,  0.1630486740293312E+002
-0.2659956051097129E+001 ,  0.1289736917439900E+000 ,  0.1621180494077801E+002
-0.2650508032655980E+001 ,  0.1275745215528669E+000 ,  0.1611862082914077E+002
-0.2641060014214832E+001 ,  0.1261599923780138E+000 ,  0.1602532329332027E+002
-0.2631611995773684E+001 ,  0.1245400722111361E+000 ,  0.1593192052491381E+002
-0.2622163977332536E+001 ,  0.1227077239193446E+000 ,  0.1583842068068730E+002
-0.2612715958891387E+001 ,  0.1208430455087336E+000 ,  0.1574483188146218E+002
-0.2603267940450239E+001 ,  0.1191759477733438E+000 ,  0.1565116221101363E+002
-0.2593819922009091E+001 ,  0.1178114877025378E+000 ,  0.1555741971498418E+002
-0.2584371903567943E+001 ,  0.1166499761236133E+000 ,  0.1546361239981134E+002
-0.2574923885126794E+001 ,  0.1154620814512848E+000 ,  0.1536974823166978E+002
-0.2565475866685646E+001 ,  0.1140618788163124E+000 ,  0.1527583513542548E+002
-0.2556027848244498E+001 ,  0.1124468417730255E+000 ,  0.1518188099360880E+002
-0.2546579829803349E+001 ,  0.1107989565848115E+000 ,  0.1508789364539925E+002
-0.2537131811362201E+001 ,  0.1093462801299282E+000 ,  0.1499388088562585E+002
-0.2527683792921053E+001 ,  0.1081897911339792E+000 ,  0.1489985046378386E+002
-0.2518235774479904E+001 ,  0.1072265326925071E+000 ,  0.1480581008306425E+002
-0.2508787756038756E+001 ,  0.1062271198904534E+000 ,  0.1471176739940135E+002
-0.2499339737597608E+001 ,  0.1050088977642376E+000 ,  0.1461773002053441E+002
-0.2489891719156459E+001 ,  0.1035737091862917E+000 ,  0.1452370550508535E+002
-0.2480443700715311E+001 ,  0.1021060381937817E+000 ,  0.1442970136165181E+002
-0.2470995682274163E+001 ,  0.1008329345215130E+000 ,  0.1433572504791705E+002
-0.2461547663833014E+001 ,  0.9985169998620828E-001 ,  0.1424178396977449E+002
-0.2452099645391866E+001 ,  0.9905573468368731E-001 ,  0.1414788548047038E+002
-0.2442651626950718E+001 ,  0.9821471398626330E-001 ,  0.1405403687975977E+002
-0.2433203608509569E+001 ,  0.9714850637016802E-001 ,  0.1396024541308270E+002
-0.2423755590068421E+001 ,  0.9586325374660210E-001 ,  0.1386651827075274E+002
-0.2414307571627273E+001 ,  0.9454655961735169E-001 ,  0.1377286258716468E+002
-0.2404859553186125E+001 ,  0.9342527071003953E-001 ,  0.1367928544001910E+002
-0.2395411534744976E+001 ,  0.9259335787361737E-001 ,  0.1358579384956104E+002
-0.2385963516303828E+001 ,  0.9194018298014915E-001 ,  0.1349239477783775E+002
-0.2376515497862679E+001 ,  0.9123363104331618E-001 ,  0.1339909512797113E+002
-0.2367067479421531E+001 ,  0.9029541859651949E-001 ,  0.1330590174345300E+002
-0.2357619460980382E+001 ,  0.8913597831236181E-001 ,  0.1321282140744626E+002
-0.2348171442539234E+001 ,  0.8794667164008392E-001 ,  0.1311986084211286E+002
-0.2338723424098086E+001 ,  0.8695491498333133E-001 ,  0.1302702670795686E+002
-0.2329275405656937E+001 ,  0.8625164496014688E-001 ,  0.1293432560317891E+002
-0.2319827387215789E+001 ,  0.8572176417976687E-001 ,  0.1284176406305606E+002
-0.2310379368774641E+001 ,  0.8513053692111883E-001 ,  0.1274934855933231E+002
-0.2300931350333493E+001 ,  0.8430090810629312E-001 ,  0.1265708549962893E+002
-0.2291483331892345E+001 ,  0.8324764894762635E-001 ,  0.1256498122687205E+002
-0.2282035313451196E+001 ,  0.8216653952457975E-001 ,  0.1247304201873731E+002
-0.2272587295010048E+001 ,  0.8128631730679710E-001 ,  0.1238127408711005E+002
-0.2263139276568900E+001 ,  0.8069513731781416E-001 ,  0.1228968357756653E+002
-0.2253691258127751E+001 ,  0.8027299061756187E-001 ,  0.1219827656886694E+002
-0.2244243239686603E+001 ,  0.7978169748155828E-001 ,  0.1210705907247129E+002
-0.2234795221245455E+001 ,  0.7904485502352243E-001 ,  0.1201603703206704E+002
-0.2225347202804306E+001 ,  0.7808167322364644E-001 ,  0.1192521632311994E+002
-0.2215899184363158E+001 ,  0.7709303966736694E-001 ,  0.1183460275243540E+002
-0.2206451165922009E+001 ,  0.7630975228742161E-001 ,  0.1174420205774276E+002
-0.2197003147480861E+001 ,  0.7581739712838731E-001 ,  0.1165401990729289E+002
-0.2187555129039713E+001 ,  0.7549056481354467E-001 ,  0.1156406189947456E+002
-0.2178107110598564E+001 ,  0.7508680384525980E-001 ,  0.1147433356244749E+002
-0.2168659092157416E+001 ,  0.7442982086177284E-001 ,  0.1138484035379234E+002
-0.2159211073716268E+001 ,  0.7354341550324740E-001 ,  0.1129558766017818E+002
-0.2149763055275120E+001 ,  0.7263430643366275E-001 ,  0.1120658079704489E+002
-0.2140315036833971E+001 ,  0.7193608807949817E-001 ,  0.1111782500830579E+002
-0.2130867018392823E+001 ,  0.7153195324764419E-001 ,  0.1102932546606371E+002
-0.2121418999951675E+001 ,  0.7129056111950850E-001 ,  0.1094108727034575E+002
-0.2111970981510527E+001 ,  0.7096434555057068E-001 ,  0.1085311544885400E+002
-0.2102522963069378E+001 ,  0.7037660534308143E-001 ,  0.1076541495673261E+002
-0.2093074944628230E+001 ,  0.6955593105295546E-001 ,  0.1067799067635276E+002
-0.2083626926187081E+001 ,  0.6871563771082087E-001 ,  0.1059084741711161E+002
-0.2074178907745932E+001 ,  0.6809285703611764E-001 ,  0.1050398991525025E+002
-0.2064730889304784E+001 ,  0.6776852976821250E-001 ,  0.1041742283368526E+002
-0.2055282870863636E+001 ,  0.6760480465608316E-001 ,  0.1033115076185942E+002
-0.2045834852422488E+001 ,  0.6734813292002435E-001 ,  0.1024517821560517E+002
-0.2036386833981339E+001 ,  0.6682090654397582E-001 ,  0.1015950963702675E+002
-0.2026938815540191E+001 ,  0.6605675959632350E-001 ,  0.1007414939439700E+002
-0.2017490797099043E+001 ,  0.6527641806607093E-001 ,  0.9989101782069602E+001
-0.2008042778657895E+001 ,  0.6472130435435713E-001 ,  0.9904371020407879E+001
-0.1998594760216747E+001 ,  0.6447021526395724E-001 ,  0.9819961255728433E+001
-0.1989146741775598E+001 ,  0.6437815576243640E-001 ,  0.9735876560260115E+001
-0.1979698723334450E+001 ,  0.6418469158682887E-001 ,  0.9652120932119500E+001
-0.1970250704893301E+001 ,  0.6371082135751592E-001 ,  0.9568698295299168E+001
-0.1960802686452153E+001 ,  0.6299552872574130E-001 ,  0.9485612499673605E+001
-0.1951354668011005E+001 ,  0.6226782278459602E-001 ,  0.9402867321018645E+001
-0.1941906649569856E+001 ,  0.6177419026695997E-001 ,  0.9320466461044980E+001
-0.1932458631128708E+001 ,  0.6159135995086948E-001 ,  0.9238413547448530E+001
-0.1923010612687560E+001 ,  0.6156649829575009E-001 ,  0.9156712133972926E+001
-0.1913562594246411E+001 ,  0.6143133809603188E-001 ,  0.9075365700487870E+001
-0.1904114575805263E+001 ,  0.6100500531710031E-001 ,  0.8994377653081225E+001
-0.1894666557364115E+001 ,  0.6033219597268775E-001 ,  0.8913751324164782E+001
-0.1885218538922966E+001 ,  0.5965114099277546E-001 ,  0.8833489972594647E+001
-0.1875770520481818E+001 ,  0.5921419303866921E-001 ,  0.8753596783805257E+001
-0.1866322502040670E+001 ,  0.5909605670601010E-001 ,  0.8674074869956190E+001
-0.1856874483599521E+001 ,  0.5913529603836682E-001 ,  0.8594927270093228E+001
-0.1847426465158373E+001 ,  0.5905480882696783E-001 ,  0.8516156950322896E+001
-0.1837978446717225E+001 ,  0.5867137174653523E-001 ,  0.8437766803998946E+001
-0.1828530428276077E+001 ,  0.5803581700219927E-001 ,  0.8359759651923351E+001
-0.1819082409834928E+001 ,  0.5739661264698571E-001 ,  0.8282138242558659E+001
-0.1809634391393780E+001 ,  0.5701281467336020E-001 ,  0.8204905252253834E+001
-0.1800186372952632E+001 ,  0.5695711477628188E-001 ,  0.8128063285482256E+001
-0.1790738354511483E+001 ,  0.5705863276687993E-001 ,  0.8051614875092124E+001
-0.1781290336070334E+001 ,  0.5703036433019733E-001 ,  0.7975562482568769E+001
-0.1771842317629186E+001 ,  0.5668625873168714E-001 ,  0.7899908498309249E+001
-0.1762394299188038E+001 ,  0.5608377474102080E-001 ,  0.7824655241907232E+001
-0.1752946280746890E+001 ,  0.5548272045480409E-001 ,  0.7749804962452298E+001
-0.1743498262305742E+001 ,  0.5514973660824517E-001 ,  0.7675359838838197E+001
-0.1734050243864593E+001 ,  0.5515547960239708E-001 ,  0.7601321980082835E+001
-0.1724602225423445E+001 ,  0.5531869549123650E-001 ,  0.7527693425659781E+001
-0.1715154206982297E+001 ,  0.5534133461755428E-001 ,  0.7454476145839951E+001
-0.1705706188541148E+001 ,  0.5503403546704721E-001 ,  0.7381672042045141E+001
-0.1696258170100000E+001 ,  0.5446144703856444E-001 ,  0.7309282947209836E+001
-0.1686810151658852E+001 ,  0.5389592044799507E-001 ,  0.7237310626155968E+001
-0.1677362133217703E+001 ,  0.5361261532443814E-001 ,  0.7165756775975266E+001
-0.1667914114776555E+001 ,  0.5368009498573932E-001 ,  0.7094623026423422E+001
-0.1658466096335407E+001 ,  0.5390570346818861E-001 ,  0.7023910940322490E+001
-0.1649018077894258E+001 ,  0.5397911447222016E-001 ,  0.6953622013974005E+001
-0.1639570059453110E+001 ,  0.5370716362707435E-001 ,  0.6883757677580316E+001
-0.1630122041011962E+001 ,  0.5316233527317821E-001 ,  0.6814319295675499E+001
-0.1620674022570813E+001 ,  0.5263084061351908E-001 ,  0.6745308167565656E+001
-0.1611226004129665E+001 ,  0.5239735454062619E-001 ,  0.6676725527777002E+001
-0.1601777985688516E+001 ,  0.5252825179673932E-001 ,  0.6608572546513171E+001
-0.1592329967247368E+001 ,  0.5281833498600087E-001 ,  0.6540850330120731E+001
-0.1582881948806220E+001 ,  0.5294366884804066E-001 ,  0.6473559921562144E+001
-0.1573433930365071E+001 ,  0.5270678222030106E-001 ,  0.6406702300897956E+001
-0.1563985911923923E+001 ,  0.5218873113666243E-001 ,  0.6340278385775071E+001
-0.1554537893482775E+001 ,  0.5169103405828952E-001 ,  0.6274289031924597E+001
-0.1545089875041627E+001 ,  0.5150895023395770E-001 ,  0.6208735033664585E+001
-0.1535641856600479E+001 ,  0.5170652978727736E-001 ,  0.6143617124412293E+001
-0.1526193838159330E+001 ,  0.5206476935473178E-001 ,  0.6078935977201573E+001
-0.1516745819718182E+001 ,  0.5224467723460128E-001 ,  0.6014692205208174E+001
-0.1507297801277033E+001 ,  0.5204395687379176E-001 ,  0.5950886362280785E+001
-0.1497849782835885E+001 ,  0.5155307534648512E-001 ,  0.5887518943478919E+001
-0.1488401764394736E+001 ,  0.5109045411324131E-001 ,  0.5824590385616773E+001
-0.1478953745953588E+001 ,  0.5096309050426009E-001 ,  0.5762101067812862E+001
-0.1469505727512440E+001 ,  0.5123253014682166E-001 ,  0.5700051312046376E+001
-0.1460057709071292E+001 ,  0.5166455840773080E-001 ,  0.5638441383717127E+001
-0.1450609690630144E+001 ,  0.5190354904242061E-001 ,  0.5577271492212857E+001
-0.1441161672188995E+001 ,  0.5174184452829550E-001 ,  0.5516541791480710E+001
-0.1431713653747846E+001 ,  0.5128027953771402E-001 ,  0.5456252380603944E+001
-0.1422265635306699E+001 ,  0.5085594443939689E-001 ,  0.5396403304383365E+001
-0.1412817616865550E+001 ,  0.5078882687514711E-001 ,  0.5336994553923052E+001
-0.1403369598424401E+001 ,  0.5113774077152274E-001 ,  0.5278026067221089E+001
-0.1393921579983254E+001 ,  0.5165169678593462E-001 ,  0.5219497729764291E+001
-0.1384473561542105E+001 ,  0.5195670860947550E-001 ,  0.5161409375126494E+001
-0.1375025543100956E+001 ,  0.5183920368370803E-001 ,  0.5103760785571062E+001
-0.1365577524659809E+001 ,  0.5141147549528489E-001 ,  0.5046551692657462E+001
-0.1356129506218660E+001 ,  0.5103124514629198E-001 ,  0.4989781777850126E+001
-0.1346681487777512E+001 ,  0.5103285804664594E-001 ,  0.4933450673131901E+001
-0.1337233469336364E+001 ,  0.5147211867843856E-001 ,  0.4877557961619508E+001
-0.1327785450895215E+001 ,  0.5207952247546947E-001 ,  0.4822103178182500E+001
-0.1318337432454066E+001 ,  0.5246083219006432E-001 ,  0.4767085810064989E+001
-0.1308889414012919E+001 ,  0.5239598765091821E-001 ,  0.4712505297509304E+001
-0.1299441395571770E+001 ,  0.5200998900240475E-001 ,  0.4658361034382878E+001
-0.1289993377130621E+001 ,  0.5168337736342511E-001 ,  0.4604652368806262E+001
-0.1280545358689474E+001 ,  0.5176635967473166E-001 ,  0.4551378603784284E+001
-0.1271097340248325E+001 ,  0.5231140079280469E-001 ,  0.4498538997838176E+001
-0.1261649321807177E+001 ,  0.5302854347560283E-001 ,  0.4446132765639565E+001
-0.1252201303366029E+001 ,  0.5350122498618915E-001 ,  0.4394159078646219E+001
-0.1242753284924880E+001 ,  0.5350230932944701E-001 ,  0.4342617065738859E+001
-0.1233305266483732E+001 ,  0.5317093656550848E-001 ,  0.4291505813859043E+001
-0.1223857248042584E+001 ,  0.5291292476713713E-001 ,  0.4240824368648179E+001
-0.1214409229601435E+001 ,  0.5309601068489116E-001 ,  0.4190571735087435E+001
-0.1204961211160287E+001 ,  0.5376893855394432E-001 ,  0.4140746878137879E+001
-0.1195513192719138E+001 ,  0.5461914503253386E-001 ,  0.4091348723381721E+001
-0.1186065174277990E+001 ,  0.5520546694574484E-001 ,  0.4042376157663073E+001
-0.1176617155836842E+001 ,  0.5529309744122399E-001 ,  0.3993828029730032E+001
-0.1167169137395693E+001 ,  0.5503697519720011E-001 ,  0.3945703150875248E+001
-0.1157721118954545E+001 ,  0.5487097405767936E-001 ,  0.3898000295577693E+001
-0.1148273100513397E+001 ,  0.5518223416894044E-001 ,  0.3850718202143394E+001
-0.1138825082072248E+001 ,  0.5601535732500412E-001 ,  0.3803855573345843E+001
-0.1129377063631101E+001 ,  0.5703279088692811E-001 ,  0.3757411077065817E+001
-0.1119929045189952E+001 ,  0.5776628574567304E-001 ,  0.3711383346931075E+001
-0.1110481026748803E+001 ,  0.5797278386058096E-001 ,  0.3665770982953762E+001
-0.1101033008307656E+001 ,  0.5782496709585571E-001 ,  0.3620572552167855E+001
-0.1091584989866507E+001 ,  0.5778794500472746E-001 ,  0.3575786589265631E+001
-0.1082136971425358E+001 ,  0.5827040490677500E-001 ,  0.3531411597231502E+001
-0.1072688952984211E+001 ,  0.5931237294845496E-001 ,  0.3487446047976023E+001
-0.1063240934543062E+001 ,  0.6054869656809776E-001 ,  0.3443888382967073E+001
-0.1053792916101914E+001 ,  0.6148135349475155E-001 ,  0.3400737013859694E+001
-0.1044344897660766E+001 ,  0.6185851901419308E-001 ,  0.3357990323124554E+001
-0.1034896879219617E+001 ,  0.6187294988713109E-001 ,  0.3315646664673582E+001
-0.1025448860778468E+001 ,  0.6202470098299993E-001 ,  0.3273704364484175E+001
-0.1016000842337321E+001 ,  0.6274653596712873E-001 ,  0.3232161721220778E+001
-0.1006552823896172E+001 ,  0.6407353633235309E-001 ,  0.3191017006854174E+001
-0.9971048054550233E+000 ,  0.6561015786171397E-001 ,  0.3150268467278778E+001
-0.9876567870138757E+000 ,  0.6682577583472266E-001 ,  0.3109914322926448E+001
-0.9782087685727272E+000 ,  0.6745946663431872E-001 ,  0.3069952769378238E+001
-0.9687607501315787E+000 ,  0.6772697241156805E-001 ,  0.3030381977973337E+001
-0.9593127316904311E+000 ,  0.6816776899427632E-001 ,  0.2991200096414353E+001
-0.9498647132492821E+000 ,  0.6924184110995572E-001 ,  0.2952405249370882E+001
-0.9404166948081336E+000 ,  0.7097921128624975E-001 ,  0.2913995539078591E+001
-0.9309686763669851E+000 ,  0.7295113576139056E-001 ,  0.2875969045935639E+001
-0.9215206579258375E+000 ,  0.7459161311856147E-001 ,  0.2838323829096059E+001
-0.9120726394846885E+000 ,  0.7563076458147033E-001 ,  0.2801057927058887E+001
-0.9026246210435400E+000 ,  0.7631121924338359E-001 ,  0.2764169358254412E+001
-0.8931766026023924E+000 ,  0.7721761371846114E-001 ,  0.2727656121626649E+001
-0.8837285841612439E+000 ,  0.7884143273532659E-001 ,  0.2691516197211901E+001
-0.8742805657200949E+000 ,  0.8120827681612319E-001 ,  0.2655747546713366E+001
-0.8648325472789473E+000 ,  0.8385387659579746E-001 ,  0.2620348114072415E+001
-0.8553845288377988E+000 ,  0.8617472126867869E-001 ,  0.2585315826035218E+001
-0.8459365103966503E+000 ,  0.8789337084860403E-001 ,  0.2550648592715699E+001
-0.8364884919555027E+000 ,  0.8928524179703964E-001 ,  0.2516344308153922E+001
-0.8270404735143537E+000 ,  0.9098834036531550E-001 ,  0.2482400850870995E+001
-0.8175924550732052E+000 ,  0.9353238264191788E-001 ,  0.2448816084418554E+001
-0.8081444366320576E+000 ,  0.9694131698137333E-001 ,  0.2415587857924850E+001
-0.7986964181909091E+000 ,  0.1007150018521826E+000 ,  0.2382714006635758E+001
-0.7892483997497601E+000 ,  0.1042126958757166E+000 ,  0.2350192352451517E+001
-0.7798003813086125E+000 ,  0.1071542670353232E+000 ,  0.2318020704458847E+001
-0.7703523628674640E+000 ,  0.1098586035849835E+000 ,  0.2286196859458051E+001
-0.7609043444263155E+000 ,  0.1130310813550764E+000 ,  0.2254718602486033E+001
-0.7514563259851679E+000 ,  0.1172525943175829E+000 ,  0.2223583707333859E+001
-0.7420083075440189E+000 ,  0.1225545117222735E+000 ,  0.2192789937059877E+001
-0.7325602891028704E+000 ,  0.1284071839179238E+000 ,  0.2162335044497790E+001
-0.7231122706617228E+000 ,  0.1341409687961112E+000 ,  0.2132216772759637E+001
-0.7136642522205743E+000 ,  0.1394883428239924E+000 ,  0.2102432855734017E+001
-0.7042162337794253E+000 ,  0.1448356844810927E+000 ,  0.2072981018578976E+001
-0.6947682153382768E+000 ,  0.1509857228839358E+000 ,  0.2043858978210022E+001
-0.6853201968971292E+000 ,  0.1586014504910944E+000 ,  0.2015064443782729E+001
-0.6758721784559807E+000 ,  0.1677504246208826E+000 ,  0.1986595117170218E+001
-0.6664241600148317E+000 ,  0.1779020368484158E+000 ,  0.1958448693435547E+001
-0.6569761415736841E+000 ,  0.1883925222222070E+000 ,  0.1930622861298605E+001
-0.6475281231325356E+000 ,  0.1990149228131651E+000 ,  0.1903115303597635E+001
-0.6380801046913871E+000 ,  0.2102870169558412E+000 ,  0.1875923697745560E+001
-0.6286320862502395E+000 ,  0.2231855600734569E+000 ,  0.1849045716181126E+001
-0.6191840678090905E+000 ,  0.2385386682336601E+000 ,  0.1822479026813780E+001
-0.6097360493679420E+000 ,  0.2565353128473158E+000 ,  0.1796221293464130E+001
-0.6002880309267944E+000 ,  0.2767334826867172E+000 ,  0.1770270176298001E+001
-0.5908400124856459E+000 ,  0.2985764606491585E+000 ,  0.1744623332255711E+001
-0.5813919940444969E+000 ,  0.3220365207715112E+000 ,  0.1719278415475462E+001
-0.5719439756033493E+000 ,  0.3478951883412836E+000 ,  0.1694233077711011E+001
-0.5624959571622008E+000 ,  0.3774309907517789E+000 ,  0.1669484968744126E+001
-0.5530479387210523E+000 ,  0.4117290298949552E+000 ,  0.1645031736791142E+001
-0.5435999202799047E+000 ,  0.4511164190150042E+000 ,  0.1620871028904023E+001
-0.5341519018387557E+000 ,  0.4951355438131666E+000 ,  0.1597000491365848E+001
-0.5247038833976072E+000 ,  0.5430504523000059E+000 ,  0.1573417770080503E+001
-0.5152558649564596E+000 ,  0.5944492520598711E+000 ,  0.1550120510957048E+001
-0.5058078465153111E+000 ,  0.6493913250984971E+000 ,  0.1527106360287590E+001
-0.4963598280741621E+000 ,  0.7078590520195581E+000 ,  0.1504372965120854E+001
-0.4869118096330145E+000 ,  0.7687995618996165E+000 ,  0.1481917973628621E+001
-0.4774637911918660E+000 ,  0.8294024347947865E+000 ,  0.1459739035467524E+001
-0.4680157727507175E+000 ,  0.8851811264424353E+000 ,  0.1437833802134674E+001
-0.4585677543095685E+000 ,  0.9309472963700499E+000 ,  0.1416199927317575E+001
-0.4491197358684209E+000 ,  0.9622149162693734E+000 ,  0.1394835067238777E+001
-0.4396717174272724E+000 ,  0.9763248952953509E+000 ,  0.1373736880994275E+001
-0.4302236989861239E+000 ,  0.9727990507545465E+000 ,  0.1352903030886614E+001
-0.4207756805449763E+000 ,  0.9529401445188079E+000 ,  0.1332331182752305E+001
-0.4113276621038273E+000 ,  0.9191207630457019E+000 ,  0.1312019006283335E+001
-0.4018796436626788E+000 ,  0.8742578847924901E+000 ,  0.1291964175343155E+001
-0.3924316252215312E+000 ,  0.8216552062162832E+000 ,  0.1272164368277184E+001
-0.3829836067803827E+000 ,  0.7649940429982749E+000 ,  0.1252617268217389E+001
-0.3735355883392337E+000 ,  0.7081004458391876E+000 ,  0.1233320563381415E+001
-0.3640875698980861E+000 ,  0.6543337862449533E+000 ,  0.1214271947366009E+001
-0.3546395514569376E+000 ,  0.6058449424788569E+000 ,  0.1195469119434949E+001
-0.3451915330157891E+000 ,  0.5631938611516164E+000 ,  0.1176909784801293E+001
-0.3357435145746415E+000 ,  0.5256673893598879E+000 ,  0.1158591654904214E+001
-0.3262954961334925E+000 ,  0.4921787478234241E+000 ,  0.1140512447680058E+001
-0.3168474776923440E+000 ,  0.4622005410435198E+000 ,  0.1122669887828082E+001
-0.3073994592511964E+000 ,  0.4361268662017649E+000 ,  0.1105061707070675E+001
-0.2979514408100479E+000 ,  0.4148499237761265E+000 ,  0.1087685644407960E+001
-0.2885034223688989E+000 ,  0.3989026865708071E+000 ,  0.1070539446367084E+001
-0.2790554039277513E+000 ,  0.3878409531185177E+000 ,  0.1053620867246117E+001
-0.2696073854866028E+000 ,  0.3803621703068517E+000 ,  0.1036927669352289E+001
-0.2601593670454543E+000 ,  0.3751011743922058E+000 ,  0.1020457623235250E+001
-0.2507113486043067E+000 ,  0.3715160418850227E+000 ,  0.1004208507914621E+001
-0.2412633301631577E+000 ,  0.3701829316285911E+000 ,  0.9881781111024007E+000
-0.2318153117220092E+000 ,  0.3722422636077864E+000 ,  0.9723642294201912E+000
-0.2223672932808602E+000 ,  0.3783725796615767E+000 ,  0.9567646686109427E+000
-0.2129192748397131E+000 ,  0.3880363633053066E+000 ,  0.9413772437455555E+000
-0.2034712563985641E+000 ,  0.3995573192594654E+000 ,  0.9261997794244703E+000
-0.1940232379574156E+000 ,  0.4109786389853606E+000 ,  0.9112301099739322E+000
-0.1845752195162680E+000 ,  0.4210714913526470E+000 ,  0.8964660796370857E+000
-0.1751272010751195E+000 ,  0.4297546503649493E+000 ,  0.8819055427601733E+000
-0.1656791826339705E+000 ,  0.4376401465141856E+000 ,  0.8675463639736107E+000
-0.1562311641928229E+000 ,  0.4450965090071216E+000 ,  0.8533864183679797E+000
-0.1467831457516744E+000 ,  0.4516015864462475E+000 ,  0.8394235916652222E+000
-0.1373351273105254E+000 ,  0.4559383852676159E+000 ,  0.8256557803848017E+000
-0.1278871088693783E+000 ,  0.4571235569576925E+000 ,  0.8120808920049009E+000
-0.1184390904282293E+000 ,  0.4553541323818339E+000 ,  0.7986968451190306E+000
-0.1089910719870808E+000 ,  0.4521902804985112E+000 ,  0.7855015695875752E+000
-0.9954305354593318E-001 ,  0.4497377298092352E+000 ,  0.7724930066846936E+000
-0.9009503510478467E-001 ,  0.4493568164743770E+000 ,  0.7596691092405135E+000
-0.8064701666363572E-001 ,  0.4508244811745347E+000 ,  0.7470278417786489E+000
-0.7119899822248810E-001 ,  0.4525859684640390E+000 ,  0.7345671806490258E+000
-0.6175097978133959E-001 ,  0.4529460085347167E+000 ,  0.7222851141562513E+000
-0.5230296134019063E-001 ,  0.4513449606030896E+000 ,  0.7101796426833189E+000
-0.4285494289904346E-001 ,  0.4487817028965583E+000 ,  0.6982487788109052E+000
-0.3340692445789450E-001 ,  0.4470648166019644E+000 ,  0.6864905474320809E+000
-0.2395890601674600E-001 ,  0.4474467292729143E+000 ,  0.6749029858628599E+000
-0.1451088757559837E-001 ,  0.4496664517730545E+000 ,  0.6634841439482703E+000
-0.5062869134449866E-002 ,  0.4521290110419692E+000 ,  0.6522320841639617E+000
 0.4385149306698644E-002 ,  0.4530941770623666E+000 ,  0.6411448817138353E+000
 0.1383316774784760E-001 ,  0.4519752829570187E+000 ,  0.6302206246234252E+000
 0.2328118618899566E-001 ,  0.4497535124847337E+000 ,  0.6194574138287299E+000
 0.3272920463014373E-001 ,  0.4481816918016650E+000 ,  0.6088533632617126E+000
 0.4217722307129268E-001 ,  0.4483861835533039E+000 ,  0.5984065999307900E+000
 0.5162524151243986E-001 ,  0.4499592170968186E+000 ,  0.5881152639981759E+000
 0.6107325995358881E-001 ,  0.4512782254527982E+000 ,  0.5779775088525883E+000
 0.7052127839473776E-001 ,  0.4508433893838777E+000 ,  0.5679915011786496E+000
 0.7996929683588494E-001 ,  0.4486057658459987E+000 ,  0.5581554210218138E+000
 0.8941731527703389E-001 ,  0.4462104058758579E+000 ,  0.5484674618500420E+000
 0.9886533371818285E-001 ,  0.4458728428565904E+000 ,  0.5389258306112764E+000
 0.1083133521593300E+000 ,  0.4486643298892157E+000 ,  0.5295287477875947E+000
 0.1177613706004790E+000 ,  0.4534941452040485E+000 ,  0.5202744474454009E+000
 0.1272093890416270E+000 ,  0.4576243649810753E+000 ,  0.5111611772820992E+000
 0.1366574074827751E+000 ,  0.4584370093382755E+000 ,  0.5021871986693691E+000
 0.1461054259239241E+000 ,  0.4552189143076096E+000 ,  0.4933507866927862E+000
 0.1555534443650721E+000 ,  0.4496682679802934E+000 ,  0.4846502301879455E+000
 0.1650014628062202E+000 ,  0.4447361000404186E+000 ,  0.4760838317733609E+000
 0.1744494812473683E+000 ,  0.4426376939985189E+000 ,  0.4676499078799610E+000
 0.1838974996885172E+000 ,  0.4434872843459511E+000 ,  0.4593467887771900E+000
 0.1933455181296653E+000 ,  0.4455426153472065E+000 ,  0.4511728185959002E+000
 0.2027935365708133E+000 ,  0.4468264553665386E+000 ,  0.4431263553482644E+000
 0.2122415550119623E+000 ,  0.4468358373511925E+000 ,  0.4352057709442502E+000
 0.2216895734531095E+000 ,  0.4469710343366752E+000 ,  0.4274094512051776E+000
 0.2311375918942584E+000 ,  0.4493002182497352E+000 ,  0.4197357958742561E+000
 0.2405856103354074E+000 ,  0.4545909425876894E+000 ,  0.4121832186240651E+000
 0.2500336287765546E+000 ,  0.4611753904075413E+000 ,  0.4047501470610054E+000
 0.2594816472177035E+000 ,  0.4656523966690723E+000 ,  0.3974350227272915E+000
 0.2689296656588525E+000 ,  0.4650534756582269E+000 ,  0.3902363010995703E+000
 0.2783776841000005E+000 ,  0.4589419963213064E+000 ,  0.3831524515851200E+000
 0.2878257025411486E+000 ,  0.4498760780315336E+000 ,  0.3761819575152229E+000
 0.2972737209822967E+000 ,  0.4418227055429598E+000 ,  0.3693233161358969E+000
 0.3067217394234456E+000 ,  0.4376248926127457E+000 ,  0.3625750385958194E+000
 0.3161697578645937E+000 ,  0.4373536676756629E+000 ,  0.3559356499321136E+000
 0.3256177763057417E+000 ,  0.4387411518394296E+000 ,  0.3494036890530156E+000
 0.3350657947468907E+000 ,  0.4393336936632398E+000 ,  0.3429777087186306E+000
 0.3445138131880379E+000 ,  0.4386874295088654E+000 ,  0.3366562755189105E+000
 0.3539618316291868E+000 ,  0.4388672078820148E+000 ,  0.3304379698493770E+000
 0.3634098500703358E+000 ,  0.4427879142203405E+000 ,  0.3243213858845291E+000
 0.3728578685114829E+000 ,  0.4516143392003731E+000 ,  0.3183051315490209E+000
 0.3823058869526319E+000 ,  0.4632342207054124E+000 ,  0.3123878284864262E+000
 0.3917539053937809E+000 ,  0.4730930006483950E+000 ,  0.3065681120261244E+000
 0.4012019238349280E+000 ,  0.4769301760816235E+000 ,  0.3008446311477586E+000
 0.4106499422760770E+000 ,  0.4734890611026689E+000 ,  0.2952160484437665E+000
 0.4200979607172250E+000 ,  0.4652165113471282E+000 ,  0.2896810400799827E+000
 0.4295459791583731E+000 ,  0.4564153325451881E+000 ,  0.2842382957540140E+000
 0.4389939975995221E+000 ,  0.4502037386015637E+000 ,  0.2788865186518377E+000
 0.4484420160406701E+000 ,  0.4465453616636817E+000 ,  0.2736244254024767E+000
 0.4578900344818182E+000 ,  0.4428215654727022E+000 ,  0.2684507460308094E+000
 0.4673380529229663E+000 ,  0.4364875227930576E+000 ,  0.2633642239087098E+000
 0.4767860713641152E+000 ,  0.4277344914650956E+000 ,  0.2583636157040672E+000
 0.4862340898052633E+000 ,  0.4200243002737815E+000 ,  0.2534476913286730E+000
 0.4956821082464113E+000 ,  0.4179545847510320E+000 ,  0.2486152338839248E+000
 0.5051301266875603E+000 ,  0.4239750777902509E+000 ,  0.2438650396051243E+000
 0.5145781451287093E+000 ,  0.4364296487837937E+000 ,  0.2391959178043322E+000
 0.5240261635698564E+000 ,  0.4504739935719216E+000 ,  0.2346066908114584E+000
 0.5334741820110054E+000 ,  0.4612680776697593E+000 ,  0.2300961939138322E+000
 0.5429222004521543E+000 ,  0.4670860378650582E+000 ,  0.2256632752947998E+000
 0.5523702188933015E+000 ,  0.4699933950252875E+000 ,  0.2213067959703134E+000
 0.5618182373344505E+000 ,  0.4735644647463373E+000 ,  0.2170256297245090E+000
 0.5712662557755985E+000 ,  0.4794016353850246E+000 ,  0.2128186630438514E+000
 0.5807142742167466E+000 ,  0.4852143231470535E+000 ,  0.2086847950501546E+000
 0.5901622926578947E+000 ,  0.4860972670991857E+000 ,  0.2046229374321867E+000
 0.5996103110990436E+000 ,  0.4782007812005462E+000 ,  0.2006320143761160E+000
 0.6090583295401917E+000 ,  0.4620556698926573E+000 ,  0.1967109624949221E+000
 0.6185063479813397E+000 ,  0.4429230981472959E+000 ,  0.1928587307565058E+000
 0.6279543664224887E+000 ,  0.4276915830134840E+000 ,  0.1890742804109269E+000
 0.6374023848636359E+000 ,  0.4204671018553860E+000 ,  0.1853565849164527E+000
 0.6468504033047848E+000 ,  0.4200965471179188E+000 ,  0.1817046298646331E+000
 0.6562984217459338E+000 ,  0.4215240457612902E+000 ,  0.1781174129045211E+000
 0.6657464401870810E+000 ,  0.4200348935356012E+000 ,  0.1745939436657964E+000
 0.6751944586282299E+000 ,  0.4152153027871965E+000 ,  0.1711332436811546E+000
 0.6846424770693789E+000 ,  0.4115758387981581E+000 ,  0.1677343463077424E+000
 0.6940904955105260E+000 ,  0.4152442743055038E+000 ,  0.1643962966478673E+000
 0.7035385139516750E+000 ,  0.4291284152339062E+000 ,  0.1611181514688131E+000
 0.7129865323928239E+000 ,  0.4502054096020376E+000 ,  0.1578989791220137E+000
 0.7224345508339711E+000 ,  0.4710911171772038E+000 ,  0.1547378594614369E+000
 0.7318825692751201E+000 ,  0.4848438714005315E+000 ,  0.1516338837614608E+000
 0.7413305877162681E+000 ,  0.4894617642118240E+000 ,  0.1485861546337660E+000
 0.7507786061574171E+000 ,  0.4886800251142022E+000 ,  0.1455937859439652E+000
 0.7602266245985643E+000 ,  0.4884348220380991E+000 ,  0.1426559027274800E+000
 0.7696746430397132E+000 ,  0.4916883501060269E+000 ,  0.1397716411049329E+000
 0.7791226614808622E+000 ,  0.4956556513889786E+000 ,  0.1369401481969076E+000
 0.7885706799220094E+000 ,  0.4937267835842973E+000 ,  0.1341605820383877E+000
 0.7980186983631583E+000 ,  0.4807802983060055E+000 ,  0.1314321114926998E+000
 0.8074667168043073E+000 ,  0.4578559013930726E+000 ,  0.1287539161648382E+000
 0.8169147352454544E+000 ,  0.4324483159863700E+000 ,  0.1261251863147337E+000
 0.8263627536866034E+000 ,  0.4138996012887692E+000 ,  0.1235451227698553E+000
 0.8358107721277523E+000 ,  0.4071378037780099E+000 ,  0.1210129368376771E+000
 0.8452587905688995E+000 ,  0.4094430416979981E+000 ,  0.1185278502176809E+000
 0.8547068090100485E+000 ,  0.4128108459281108E+000 ,  0.1160890949131317E+000
 0.8641548274511965E+000 ,  0.4103049125561280E+000 ,  0.1136959131427739E+000
 0.8736028458923446E+000 ,  0.4016784890476828E+000 ,  0.1113475572519026E+000
 0.8830508643334936E+000 ,  0.3939319707005533E+000 ,  0.1090432896236561E+000
 0.8924988827746416E+000 ,  0.3962013302263590E+000 ,  0.1067823825898814E+000
 0.9019469012157897E+000 ,  0.4126997918418666E+000 ,  0.1045641183418818E+000
 0.9113949196569378E+000 ,  0.4390593663515351E+000 ,  0.1023877888410442E+000
 0.9208429380980867E+000 ,  0.4649918149555036E+000 ,  0.1002526957295588E+000
 0.9302909565392339E+000 ,  0.4814318344385446E+000 ,  0.9815815024062283E-001
 0.9397389749803828E+000 ,  0.4868193694023980E+000 ,  0.9610347310900742E-001
 0.9491869934215318E+000 ,  0.4876727438189497E+000 ,  0.9408799448144159E-001
 0.9586350118626790E+000 ,  0.4928656497184053E+000 ,  0.9211105382689920E-001
 0.9680830303038279E+000 ,  0.5058962637361754E+000 ,  0.9017199984702885E-001
 0.9775310487449769E+000 ,  0.5211750789534402E+000 ,  0.8827019038655030E-001
 0.9869790671861249E+000 ,  0.5274846064038197E+000 ,  0.8640499234362056E-001
 0.9964270856272730E+000 ,  0.5163117197113068E+000 ,  0.8457578158052703E-001
 0.1005875104068422E+001 ,  0.4888351629400793E+000 ,  0.8278194283421170E-001
 0.1015323122509570E+001 ,  0.4560678347513096E+000 ,  0.8102286962697408E-001
 0.1024771140950718E+001 ,  0.4316572918220136E+000 ,  0.7929796417743901E-001
 0.1034219159391866E+001 ,  0.4224644756950190E+000 ,  0.7760663731145648E-001
