-0.6808670950343697E-003,  0.2330613584276281E-002, 
-0.1357200830111560E-002,  0.2052028830343796E-002, 
-0.1928372374734474E-002,  0.1579720798632444E-002, 
-0.2339693832795616E-002,  0.9514301591875161E-003, 
-0.2549551941472271E-002,  0.2200807641611539E-003, 
-0.2533539739783241E-002, -0.5506319596185159E-003, 
-0.2287131330421765E-002, -0.1291746808294846E-002, 
-0.1826621382907270E-002, -0.1935168558848831E-002, 
-0.1188192446578096E-002, -0.2419885127682332E-002, 
-0.4251473433186367E-003, -0.2697700921632682E-002, 
 0.3964858935618539E-003, -0.2737955879323093E-002, 
 0.1203624727551613E-002, -0.2530775059639752E-002, 
 0.1922593796583767E-002, -0.2088509012968544E-002, 
 0.2485806247952434E-002, -0.1445190851842566E-002, 
 0.2838067921301251E-002, -0.6540087470917960E-003, 
 0.2941918739650080E-002,  0.2170331884187979E-003, 
 0.2781496382980273E-002,  0.1090913259803357E-002, 
 0.2364538026066303E-002,  0.1888358887066860E-002, 
 0.1722287712038104E-002,  0.2534996276994844E-002, 
 0.9072600573361592E-003,  0.2968237662774519E-002, 
-0.1098554969500170E-004,  0.3143271681147332E-002, 
-0.9517290078730708E-003,  0.3037594191113730E-002, 
-0.1830142528311056E-002,  0.2653625105872760E-002, 
-0.2564894800092199E-002,  0.2019123366254608E-002, 
-0.3085630757797361E-002,  0.1185311617866966E-002, 
-0.3339646810499427E-002,  0.2228180722440705E-003, 
-0.3297127721775285E-002, -0.7842513822053242E-003, 
-0.2954434643526541E-002, -0.1745613351108709E-002, 
-0.2335099412613427E-002, -0.2572854892853074E-002, 
-0.1488370636393138E-002, -0.3187516577254233E-002, 
-0.4853847107692955E-003, -0.3528470620399775E-002, 
 0.5867461099162895E-003, -0.3557910255595429E-002, 
 0.1632449261336578E-002, -0.3265371166549689E-002, 
 0.2556164869596329E-002, -0.2669364308987726E-002, 
 0.3271025964208681E-002, -0.1816417101627911E-002, 
 0.3706967837258897E-002, -0.7775459620944730E-003, 
 0.3817511965725180E-002,  0.3575885334819587E-003, 
 0.3584571173929595E-002,  0.1488364536674037E-002, 
 0.3020796355100277E-002,  0.2512066416822279E-002, 
 0.2169187581026485E-002,  0.3333165396895732E-002, 
 0.1099934064134507E-002,  0.3872174157012418E-002, 
-0.9529149464787499E-004,  0.4073259568147793E-002, 
-0.1311131036546352E-002,  0.3909896490859398E-002, 
-0.2437777373895076E-002,  0.3387994957480721E-002, 
-0.3370837433501570E-002,  0.2546154494814873E-002, 
-0.4020944334396549E-002,  0.1452957973448424E-002, 
-0.4322241590591432E-002,  0.2014731406065909E-003, 
-0.4238934091335920E-002, -0.1098606192610669E-002, 
-0.3769266773465353E-002, -0.2330516499151866E-002, 
-0.2946510203054723E-002, -0.3380856682454731E-002, 
-0.1836784394530018E-002, -0.4149968766628629E-002, 
-0.5338458829832146E-003, -0.4561316600926553E-002, 
 0.8487581241737128E-003, -0.4568991945433880E-002, 
 0.2187525500109985E-002, -0.4162620410931607E-002, 
 0.3359975003192682E-002, -0.3369153234852638E-002, 
 0.4255788825951932E-002, -0.2251313557938238E-002, 
 0.4787120117903890E-002, -0.9027580201692545E-003, 
 0.4897105026596922E-002,  0.5596907633239574E-003, 
 0.4565759942189432E-002,  0.2006098523169109E-002, 
 0.3812672862107184E-002,  0.3304901721541830E-002, 
 0.2696164267606387E-002,  0.4334814304513854E-002, 
 0.1308907156775527E-002,  0.4996080625927169E-002, 
-0.2296724831759700E-003,  0.5220037316819671E-002, 
-0.1783604431555362E-002,  0.4976081222753911E-002, 
-0.3212329110666885E-002,  0.4275342733181330E-002, 
-0.4383346435321451E-002,  0.3170654099611916E-002, 
-0.5184430144302466E-002,  0.1752734432125709E-002, 
-0.5534290697576401E-002,  0.1428426135038195E-003, 
-0.5390674629937196E-002, -0.1517516174289048E-002, 
-0.4755109257507411E-002, -0.3078958319240920E-002, 
-0.3673786319389271E-002, -0.4397595825105191E-002, 
-0.2234407124489682E-002, -0.5348224146328092E-002, 
-0.5591865407588773E-003, -0.5836115903295189E-002, 
 0.1205435208813514E-002, -0.5806323976978100E-002, 
 0.2901522229520642E-002, -0.5249590201407562E-002, 
 0.4373709718414319E-002, -0.4204238767207694E-002, 
 0.5483358651659481E-002, -0.2753796813149285E-002, 
 0.6121522545785151E-002, -0.1020458433444413E-002, 
 0.6219516525054640E-002,  0.8451158604949705E-003, 
 0.5756071398521074E-002,  0.2676814930649780E-002, 
 0.4760352393863081E-002,  0.4307792341640681E-002, 
 0.3310468562616616E-002,  0.5585589886349538E-002, 
 0.1527502616896008E-002,  0.6386298120376890E-002, 
-0.4344914313321732E-003,  0.6626447955641749E-002, 
-0.2401712074719806E-002,  0.6271507776456286E-002, 
-0.4195930772031538E-002,  0.5340129779734385E-002, 
-0.5650558212101454E-002,  0.3903665197121162E-002, 
-0.6626020416814598E-002,  0.2080890735592130E-002, 
-0.7023035515812731E-002,  0.2830854452793234E-004, 
-0.6792530637840006E-002, -0.2073198109701462E-002, 
-0.5941228487968015E-002, -0.4034218901337024E-002, 
-0.4532300811840703E-002, -0.5673805895159986E-002, 
-0.2680910134031378E-002, -0.6836079870230115E-002, 
-0.5449350642166835E-003, -0.7404931933833948E-002, 
 0.1688385553225325E-002, -0.7315451376568832E-002, 
 0.3818777430256384E-002, -0.6560966681316672E-002, 
 0.5650803705457441E-002, -0.5194956367290705E-002, 
 0.7011696851222993E-002, -0.3327549373332906E-002, 
 0.7767538728940147E-002, -0.1116808692335634E-002, 
 0.7836277292233592E-002,  0.1244533458678304E-002, 
 0.7196326265571866E-002,  0.3545778688583773E-002, 
 0.5889877001755943E-002,  0.5576967775311401E-002, 
 0.4020497372347013E-002,  0.7147941652206819E-002, 
 0.1745106360232199E-002,  0.8106028015774931E-002, 
-0.7390646359653219E-003,  0.8350721225359665E-002, 
-0.3211459368198711E-002,  0.7843962472178414E-002, 
-0.5447681566140524E-002,  0.6614980869682627E-002, 
-0.7239756591084803E-002,  0.4759138417485102E-002, 
-0.8415356199744596E-002,  0.2430756032945706E-002, 
-0.8854220938340504E-002, -0.1695713168898807E-003, 
-0.8500219804898054E-002, -0.2812138825274006E-002, 
-0.7367863731102465E-002, -0.5258312246066681E-002, 
-0.5542560375898722E-002, -0.7281970188377944E-002, 
-0.3174439745886421E-002, -0.8690287974383554E-002, 
-0.4661756124831788E-003, -0.9341957802232546E-002, 
 0.2344224637784699E-002, -0.9161145375804073E-002, 
 0.5004221091262142E-002, -0.8145819111159984E-002, 
 0.7269318757348679E-002, -0.6369566344340631E-002, 
 0.8925412308351579E-002, -0.3976597265735744E-002, 
 0.9808875555415545E-002, -0.1170234887117163E-002, 
 0.9822516148719634E-002,  0.1804215002881836E-002, 
 0.8945856509241984E-002,  0.4680775188497565E-002, 
 0.7238692217441870E-002,  0.7196454081332431E-002, 
 0.4837448298954238E-002,  0.9115161008537946E-002, 
 0.1944503763336497E-002,  0.1024970716273557E-001, 
-0.1188694285347916E-002,  0.1047985967564914E-001, 
-0.4283342000355328E-002,  0.9764730251284158E-002, 
-0.7057954626893253E-002,  0.8148239644083942E-002, 
-0.9253826350199688E-002,  0.5757014051988232E-002, 
-0.1065899230706664E-001,  0.2790742027919564E-002, 
-0.1112848778146506E-001, -0.4943114206633296E-003, 
-0.1059897686203808E-001, -0.3807285828439807E-002, 
-0.9096308751568111E-002, -0.6848325332645720E-002, 
-0.6735160030291453E-002, -0.9335568357700929E-002, 
-0.3710610227398431E-002, -0.1103110621087976E-001, 
-0.2822443402536749E-003, -0.1176352950006362E-001, 
 0.3247943115800781E-002, -0.1144495394678619E-001, 
 0.6561987398373496E-002, -0.1008085409949651E-001, 
 0.9354427183149884E-002, -0.7771648146527137E-002, 
 0.1136027779290429E-001, -0.4705717367401938E-002, 
 0.1237996742962587E-001, -0.1144295695873430E-002, 
 0.1229889888055579E-001,  0.2600588359091652E-002, 
 0.1109974428576695E-001,  0.6193262747337009E-002, 
 0.8866205719423110E-002,  0.9304315965448642E-002, 
 0.5777699022978981E-002,  0.1164061162873401E-001, 
 0.2095239260776055E-002,  0.1297268485210313E-001, 
-0.1860381643297182E-002,  0.1315698580047861E-001, 
-0.5736332386107021E-002,  0.1215084411679864E-001, 
-0.9179014594423694E-002,  0.1001862217131815E-001, 
-0.1186610693242466E-001,  0.6928307159369934E-002, 
-0.1353650654430647E-001,  0.3138639123158018E-002, 
-0.1401540651368458E-001, -0.1022286195850974E-002, 
-0.1323211692535662E-001, -0.5185188231156667E-002, 
-0.1122886104197015E-001, -0.8972143879628873E-002, 
-0.8159542025965661E-002, -0.1203066590584142E-001, 
-0.4278351897488628E-002, -0.1406625832742097E-001, 
 0.8096719912115613E-004, -0.1487046013352665E-001, 
 0.4533548141187236E-002, -0.1434174614816081E-001, 
 0.8677123755484536E-002, -0.1249721905818056E-001, 
 0.1212810781801473E-001, -0.9473815500111470E-002, 
 0.1455682124879379E-001, -0.5518686362198652E-002, 
 0.1571866383583879E-001, -0.9693617390231863E-003, 
 0.1547830127935186E-001,  0.3774746860126566E-002, 
 0.1382451575111381E-001,  0.8287116323084331E-002, 
 0.1087416592167893E-001,  0.1215216179682241E-001, 
 0.6864627579642774E-002,  0.1500320338669734E-001, 
 0.2135128777785782E-002,  0.1655689635036266E-001, 
-0.2901584290934858E-002,  0.1664093253254947E-001, 
-0.7794929913996062E-002,  0.1521234872666358E-001, 
-0.1209646482433965E-001,  0.1236454501662612E-001, 
-0.1540062330313691E-001,  0.8322115444807746E-002, 
-0.1738256589516844E-001,  0.3423668406809919E-002, 
-0.1782963793850212E-001, -0.1906114408864402E-002, 
-0.1666342336846605E-001, -0.7192903861173468E-002, 
-0.1395018125996867E-001, -0.1195454081728294E-001, 
-0.9898430272616271E-002, -0.1574460795015955E-001, 
-0.4843570094904682E-002, -0.1819384493693574E-001, 
 0.7793762612775211E-003, -0.1904560097986820E-001, 
 0.6472734195811882E-002, -0.1818198195163351E-001, 
 0.1171977329840661E-001, -0.1563808015863746E-001, 
 0.1603113434366472E-001, -0.1160269318265035E-001, 
 0.1898996314839841E-001, -0.6405137950408815E-002, 
 0.2029164550362877E-001, -0.4889846031274260E-003, 
 0.1977439250210231E-001,  0.5625254564414474E-002, 
 0.1743767646545087E-001,  0.1138537629336146E-001, 
 0.1344654328281716E-001,  0.1625680405046865E-001, 
 0.8121022385298311E-002,  0.1977162129713765E-001, 
 0.1911202729906848E-002,  0.2157286084670069E-001, 
-0.4640142063160454E-002,  0.2144993075545179E-001, 
-0.1094435147186021E-001,  0.1936173731761357E-001, 
-0.1641911567589741E-001,  0.1544506333059511E-001, 
-0.2054156587518527E-001,  0.1000705493547345E-001, 
-0.2289745809695736E-001,  0.3502061573206568E-002, 
-0.2322188792283811E-001, -0.3505528954548086E-002, 
-0.2142760572260717E-001, -0.1038947773909342E-001, 
-0.1761804083296636E-001, -0.1651685669968712E-001, 
-0.1208341366951938E-001, -0.2130541547954255E-001, 
-0.5279788205229999E-002, -0.2427801560781968E-001, 
 0.2207518097513733E-002, -0.2510912419524815E-001, 
 0.9713327383630777E-002, -0.2365895061508705E-001, 
 0.1655072588866291E-001, -0.1999175826218039E-001, 
 0.2207290886481617E-001, -0.1437622037473790E-001, 
 0.2573327990569224E-001, -0.7267262947919909E-002, 
 0.2713833425857224E-001,  0.7295495492710869E-003, 
 0.2608830427051494E-001,  0.8908411238515433E-002, 
 0.2260152223100206E-001,  0.1652434658538619E-001, 
 0.1691979663910519E-001,  0.2285979907901389E-001, 
 0.9493684338207712E-002,  0.2729090306411547E-001, 
 0.9483450323556969E-003,  0.2934742532146165E-001, 
-0.7967566781758273E-002,  0.2876077740856965E-001, 
-0.1644595008921515E-001,  0.2549536869024963E-001, 
-0.2369089320632769E-001,  0.1975988641759906E-001, 
-0.2899168267473237E-001,  0.1199681771047627E-001, 
-0.3179067330123628E-001,  0.2850401464733511E-002, 
-0.3173970541461764E-001, -0.6884883971454166E-002, 
-0.2873955995857774E-001, -0.1633132928206896E-001, 
-0.2295830392491398E-001, -0.2460502463699129E-001, 
-0.1482607785686862E-001, -0.3089636563277119E-001, 
-0.5005895346692488E-002, -0.3454689020698799E-001, 
 0.5657806826258652E-002, -0.3511538849126401E-001, 
 0.1620911896517856E-001, -0.3242694074634347E-001, 
 0.2566356203029096E-001, -0.2659976801199051E-001, 
 0.3309698215311337E-001, -0.1804658563493805E-001, 
 0.3773270782340988E-001, -0.7449312361887981E-002, 
 0.3901907774203566E-001,  0.4291739540937378E-002, 
 0.3668993211554940E-001,  0.1613072104662754E-001, 
 0.3080190996908431E-001,  0.2696554952721883E-001, 
 0.2174418166032960E-001,  0.3573641258657077E-001, 
 0.1021844961572787E-001,  0.4152505844977343E-001, 
-0.2810362556341120E-002,  0.4364598743331286E-001, 
-0.1618971107324589E-001,  0.4172102517514516E-001, 
-0.2867588896793651E-001,  0.3572978549360796E-001, 
-0.3904374869118133E-001,  0.2603026951698727E-001, 
-0.4620057023488892E-001,  0.1334625115351094E-001, 
-0.4929418085577195E-001, -0.1279201166752926E-002, 
-0.4780535806986998E-001, -0.1656181208252567E-001, 
-0.4161540022945017E-001, -0.3108059740407415E-001, 
-0.3104146175258007E-001, -0.4340104115121052E-001, 
-0.1683455524747120E-001, -0.5220718892861480E-001, 
-0.1380649516083502E-003, -0.5643148596163498E-001, 
 0.1759206527860232E-001, -0.5537076758509672E-001, 
 0.3470103692459652E-001, -0.4877729905673230E-001, 
 0.4947517852027176E-001, -0.3691509262417469E-001, 
 0.6029780841090717E-001, -0.2057407524510512E-001, 
 0.6580862706525062E-001, -0.1037719663066715E-002, 
 0.6505308688334767E-001,  0.1999678841190174E-001, 
 0.5760794095442657E-001,  0.4054287797981914E-001, 
 0.4367012708201148E-001,  0.5848659468533835E-001, 
 0.2409798449936578E-001,  0.7177599237351634E-001, 
 0.3965189733359221E-003,  0.7862451870527440E-001, 
-0.2535793525347105E-001,  0.7771269127568162E-001, 
-0.5065430336673461E-001,  0.6837105451996643E-001, 
-0.7274098838293637E-001,  0.5072684140825114E-001, 
-0.8886956828468652E-001,  0.2579718909913890E-001, 
-0.9657553562006171E-001, -0.4486898261578769E-002, 
-0.9397944965022902E-001, -0.3733990305946404E-001, 
-0.8008734217352065E-001, -0.6927617664896359E-001, 
-0.5506432207278689E-001, -0.9636803674162132E-001, 
-0.2044910499227307E-001, -0.1146124505754095E+000, 
 0.2073140611228340E-001, -0.1204047447788108E+000, 
 0.6399916545456313E-001, -0.1111058827019797E+000, 
 0.1036770403252695E+000, -0.8566809408638933E-001, 
 0.1334258692766010E+000, -0.4524522984683794E-001, 
 0.1471227542327485E+000,  0.6345091103874733E-002, 
 0.1400777637081816E+000,  0.6251349538737278E-001, 
 0.1104528691753210E+000,  0.1144046976850589E+000, 
 0.6053427785281107E-001,  0.1522367578655207E+000, 
-0.2708080545312022E-002,  0.1674631863489415E+000, 
-0.6837390416128397E-001,  0.1553016830937378E+000, 
-0.1239299269812454E+000,  0.1166947590355861E+000, 
-0.1585153370710825E+000,  0.5866246351903585E-001, 
-0.1659938387234410E+000, -0.7406520251639142E-002, 
-0.1464391412065960E+000, -0.6893291252097150E-001, 
-0.1055296362222166E+000, -0.1154441410518226E+000, 
-0.5238344405508050E-001, -0.1407378671517770E+000, 
 0.3069431099071456E-002, -0.1434272751103812E+000, 
 0.5222967274549691E-001, -0.1261707233364851E+000, 
 0.8905878130745989E-001, -0.9424391494637584E-001, 
 0.1104352183740138E+000, -0.5404630830907160E-001, 
 0.1159008613685915E+000, -0.1188546265440030E-001, 
 0.1070853760777283E+000,  0.2684646595697724E-001, 
 0.8702515014102435E-001,  0.5812656523043184E-001, 
 0.5950857621337614E-001,  0.7946258368389271E-001, 
 0.2851413881250249E-001,  0.8984642825031601E-001, 
-0.2232736873851433E-002,  0.8957173084004844E-001, 
-0.2957977841299424E-001,  0.7997128356349195E-001, 
-0.5115149739262513E-001,  0.6311628207218148E-001, 
-0.6544812721325240E-001,  0.4150863255848843E-001, 
-0.7185409825399774E-001,  0.1778991536307025E-001, 
-0.7057195532461524E-001, -0.5515239061608480E-002, 
-0.6249866707666501E-001, -0.2620873911388660E-001, 
-0.4906170040310099E-001, -0.4257346287131021E-001, 
-0.3203230865558022E-001, -0.5346865758552034E-001, 
-0.1333276866240528E-001, -0.5836666252446616E-001, 
 0.5147277161951514E-002, -0.5733502366378024E-001, 
 0.2171231859656130E-001, -0.5097127130556241E-001, 
 0.3499007740562604E-001, -0.4030032541626517E-001, 
 0.4402132923750006E-001, -0.2664620434967140E-001, 
 0.4830697768216546E-001, -0.1149051987382236E-001, 
 0.4781240575270419E-001,  0.3669736511443359E-002, 
 0.4293245314642113E-001,  0.1745362406754643E-001, 
 0.3442306547161237E-001,  0.2870718458226388E-001, 
 0.2330780774697444E-001,  0.3658641888336526E-001, 
 0.1076887712458241E-001,  0.4060765385369063E-001, 
-0.1967279604410427E-002,  0.4066360840278917E-001, 
-0.1373990419910778E-001,  0.3700626230032530E-001, 
-0.2355055251749587E-001,  0.3020028285396256E-001, 
-0.3063927719924240E-001,  0.2105293576717491E-001, 
-0.3453536187600373E-001,  0.1052787572459464E-001, 
-0.3507995793863431E-001, -0.3488900639786947E-003, 
-0.3242052081400160E-001, -0.1058241830006742E-001, 
-0.2697927529653659E-001, -0.1929380750422756E-001, 
-0.1939992027904164E-001, -0.2579004630366920E-001, 
-0.1047841200369743E-001, -0.2961367634431857E-001, 
-0.1084650850976564E-002, -0.3056925362153510E-001, 
 0.7917766887032083E-002, -0.2872567171160057E-001, 
 0.1574675001793227E-001, -0.2439547923626349E-001, 
 0.2176570417436536E-001, -0.1809425924454252E-001, 
 0.2553147053944998E-001, -0.1048462310484879E-001, 
 0.2682293367786207E-001, -0.2310422344433636E-002, 
 0.2564884817118515E-001,  0.5672627565414397E-002, 
 0.2223531350633542E-001,  0.1276376638170931E-001, 
 0.1699499217162930E-001,  0.1837584660053103E-001, 
 0.1048163596347156E-001,  0.2208115431060251E-001, 
 0.3334600164884989E-002,  0.2364108277180517E-001, 
-0.3781390519330385E-002,  0.2301790275657546E-001, 
-0.1023579066937729E-001,  0.2036845022038372E-001, 
-0.1548595037606706E-001,  0.1602114891742979E-001, 
-0.1912063926508823E-001,  0.1043916123076259E-001, 
-0.2089008357889791E-001,  0.4173484297234150E-002, 
-0.2072050797505932E-001, -0.2189465969840676E-002, 
-0.1871264468845404E-001, -0.8080963898786367E-002, 
-0.1512506691401874E-001, -0.1299915288008060E-001, 
-0.1034445206828146E-001, -0.1655018385887829E-001, 
-0.4845959563497319E-002, -0.1847807501004314E-001, 
 0.8523903122826537E-003, -0.1868120971571010E-001, 
 0.6237121594562987E-002, -0.1721460715385452E-001, 
 0.1084426456870232E-001, -0.1427836716572702E-001, 
 0.1429805471100109E-001, -0.1019390956735816E-001, 
 0.1634027642857373E-001, -0.5370589672484259E-002, 
 0.1684806544828668E-001, -0.2659971266488322E-003, 
 0.1583909448169425E-001,  0.4656309608617291E-002, 
 0.1346423006378345E-001,  0.8967842232107021E-002, 
 0.9988800839834139E-002,  0.1231146886824610E-001, 
 0.5764579496562491E-002,  0.1442994790379928E-001, 
 0.1195324301708989E-002,  0.1518453615977342E-001, 
-0.3300860334234255E-002,  0.1456245325452483E-001, 
-0.7328921732427154E-002,  0.1267297573652308E-001, 
-0.1055073220336155E-001,  0.9732964924220771E-002, 
-0.1271262513745438E-001,  0.6043524822251570E-002, 
-0.1366443022733800E-001,  0.1960166902043637E-002, 
-0.1336865583263742E-001, -0.2140638945994878E-002, 
-0.1189941275672619E-001, -0.5895443576092107E-002, 
-0.9431571699576884E-002, -0.8985344082660779E-002, 
-0.6221467678510451E-002, -0.1116237478648982E-001, 
-0.2581185265221509E-002, -0.1226863588102559E-001, 
 0.1151072277101345E-002, -0.1224677524543520E-001, 
 0.4641792884943675E-002, -0.1114122334651771E-001, 
 0.7591378418286660E-002, -0.9090415738208539E-002, 
 0.9759273156165123E-002, -0.6311043868217572E-002, 
 0.1098295759150214E-001, -0.3076009682002427E-002, 
 0.1118935353158125E-001,  0.3117490622613291E-003, 
 0.1039792253629732E-001,  0.3547090803652744E-002, 
 0.8715508113499451E-002,  0.6349658934686504E-002, 
 0.6323668051781614E-002,  0.8487691485113524E-002, 
 0.3459890977844935E-002,  0.9796659273251549E-002, 
 0.3945886421545568E-003,  0.1019129243951265E-001, 
-0.2593969288037151E-002,  0.9670186942590510E-002, 
-0.5244494338571963E-002,  0.8312843335602093E-002, 
-0.7335101599930809E-002,  0.6269684955328424E-002, 
-0.8701442953099672E-002,  0.3746197326052365E-002, 
-0.9249109043894886E-002,  0.9827858075211714E-003, 
-0.8959404976554302E-002, -0.1767709439481307E-002, 
-0.7888245269717471E-002, -0.4262769614114561E-002, 
-0.6158513373615129E-002, -0.6291223742751922E-002, 
-0.3946785010892262E-002, -0.7690746535949951E-002, 
-0.1465802540666869E-002, -0.8360408189058666E-002, 
 0.1055603386164540E-002, -0.8267362455503600E-002, 
 0.3393293188422751E-002, -0.7447286379615244E-002, 
 0.5347428640074220E-002, -0.5998753639327300E-002, 
 0.6759229360003114E-002, -0.4072269459270767E-002, 
 0.7523510590307298E-002, -0.1855117641290255E-002, 
 0.7596035723575354E-002,  0.4464974586377922E-003, 
 0.6995223947755545E-002,  0.2626328712322529E-002, 
 0.5798274805049341E-002,  0.4496290335332137E-002, 
 0.4132239840796772E-002,  0.5902410351953783E-002, 
 0.2161013223902826E-002,  0.6737192176548395E-002, 
 0.6954505083902143E-004,  0.6947431811617604E-002, 
-0.1953241735671341E-002,  0.6536967380915744E-002, 
-0.3731273616047649E-002,  0.5564288000650146E-002, 
-0.5116403489442038E-002,  0.4135405907234077E-002, 
-0.6000485692484907E-002,  0.2392794295182903E-002, 
-0.6323487604738116E-002,  0.5014969464681234E-003, 
-0.6077055312204368E-002, -0.1366253971056274E-002, 
-0.5303393090594334E-002, -0.3046497057907981E-002, 
-0.4089720741943788E-002, -0.4397721164011268E-002, 
-0.2558949005211489E-002, -0.5312550460614582E-002, 
-0.8575438162043361E-003, -0.5725989907031958E-002, 
 0.8582507991655972E-003, -0.5619637491055176E-002, 
 0.2436562864937692E-002, -0.5021627951623384E-002, 
 0.3743141051187451E-002, -0.4002464210444994E-002, 
 0.4672567097420251E-002, -0.2667263766588084E-002, 
 0.5156522292681551E-002, -0.1145226232538543E-002, 
 0.5168473139480810E-002,  0.4226491489357548E-003, 
 0.4724495146493420E-002,  0.1896436916795839E-002, 
 0.3880308921509718E-002,  0.3149598861913518E-002, 
 0.2724917218188206E-002,  0.4079671562423840E-002, 
 0.1371532366468080E-002,  0.4616432269114731E-002, 
-0.5329861130051673E-004,  0.4726921182877302E-002, 
-0.1421354674721295E-002,  0.4416992388577459E-002, 
-0.2614124001981835E-002,  0.3729373123290480E-002, 
-0.3532906998858608E-002,  0.2738538622227525E-002, 
-0.4106802908190604E-002,  0.1542973749660912E-002, 
-0.4297947621957691E-002,  0.2555919033913868E-003, 
-0.4103634247532999E-002, -0.1006765867264553E-002, 
-0.3555253666228364E-002, -0.2133787765961381E-002, 
-0.2714262140690795E-002, -0.3031190313803169E-002, 
-0.1665636468381089E-002, -0.3628446883611897E-002, 
-0.5094984345480524E-003, -0.3884126606323784E-002, 
 0.6482866583455517E-003, -0.3788469129746408E-002, 
 0.1705673343947721E-002, -0.3363062381281122E-002, 
 0.2573299558359429E-002, -0.2657758944351470E-002, 
 0.3181896536809350E-002, -0.1745215817252550E-002, 
 0.3487649448239172E-002, -0.7136218051064872E-003, 
 0.3475102001972280E-002,  0.3416766698828801E-003, 
 0.3157444691268607E-002,  0.1326860404800459E-002, 
 0.2574265227656612E-002,  0.2157860524747153E-002, 
 0.1787047039299613E-002,  0.2767410278926346E-002, 
 0.8729039253820404E-003,  0.3110337730282688E-002, 
-0.8282248631385094E-004,  0.3166705733538774E-002, 
-0.9944130399374353E-003,  0.2942603966791375E-002, 
-0.1783352894880732E-002,  0.2468604885192472E-002, 
-0.2384979413873380E-002,  0.1796117780940986E-002, 
-0.2753652674292539E-002,  0.9920449743540483E-003, 
-0.2866043777357739E-002,  0.1322710678365876E-003, 
-0.2722318424769393E-002, -0.7053854376015315E-003, 
-0.2345201817606950E-002, -0.1448113169927711E-002, 
-0.1777086141783202E-002, -0.2034338837064924E-002, 
-0.1075509238794996E-002, -0.2418716727826970E-002, 
-0.3074776054078422E-003, -0.2575483968704587E-002, 
 0.4568223267395707E-003, -0.2499956422737401E-002, 
 0.1150347578432717E-002, -0.2208099051243378E-002, 
 0.1714986810280259E-002, -0.1734285737006341E-002, 
 0.2106326566227261E-002, -0.1127526549364164E-002, 
 0.2297018375469961E-002, -0.4465507022407663E-003, 
 0.2278496545973327E-002,  0.2457727496128684E-003, 
 0.2060965782950843E-002,  0.8881484823901210E-003, 
 0.1671733788678964E-002,  0.1426198517048626E-002, 
 0.1152095957178487E-002,  0.1816977065861916E-002, 
 0.5531121177069946E-003,  0.2032283835115959E-002, 
-0.6930131083316192E-004,  0.2060539028017947E-002, 
-0.6595085765276039E-003,  0.1907112784070617E-002, 
-0.1167051883610844E-002,  0.1593137556341064E-002, 
-0.1550881395414817E-002,  0.1152979302960281E-002, 
-0.1782578952409955E-002,  0.6306471465067577E-003, 
-0.1848327587669693E-002,  0.7549813648330267E-004, 
-0.1749502276161764E-002, -0.4623450733344297E-003, 
-0.1501896046826631E-002, -0.9364460691354289E-003, 
-0.1133703860295066E-002, -0.1307993132813758E-002, 
-0.6824935274684590E-003, -0.1548890089868354E-002, 
-0.1914837281413014E-003, -0.1643763176996865E-002, 
 0.2945153215099559E-003, -0.1590759150626635E-002, 
 0.7331265618406805E-003, -0.1401109706963918E-002, 
 0.1088033207288400E-002, -0.1097556281741356E-002, 
 0.1331908838293494E-002, -0.7118312574969218E-003, 
 0.1448424185872709E-002, -0.2814540846080124E-003, 
 0.1433186579123894E-002,  0.1538414710901489E-003, 
 0.1293581528229417E-002,  0.5557096086056593E-003, 
 0.1047582768539248E-002,  0.8905101595411993E-003, 
 0.7216762776354208E-003,  0.1132058791955350E-002, 
 0.3481280182975014E-003,  0.1263586156395297E-002, 
-0.3812933144746812E-004,  0.1278775433437485E-002, 
-0.4027035104236324E-003,  0.1181827582825634E-002, 
-0.7147496386391601E-003,  0.9865887171738611E-003, 
-0.9495171628822589E-003,  0.7148681379380472E-003, 
-0.1090239258305889E-002,  0.3941333768580459E-003, 
-0.1129223445089076E-002,  0.5481170957654646E-004, 
-0.1068082950070749E-002, -0.2725363356331035E-003, 
-0.9171367437299425E-003, -0.5599156200995255E-003, 
-0.6940674531634556E-003, -0.7842384910426139E-003, 
-0.4219912105779678E-003, -0.9291129613211024E-003, 
-0.1271470084140035E-003, -0.9859471412952477E-003, 
 0.1635746063906795E-003, -0.9543107430444786E-003, 
 0.4250371791704467E-003, -0.8415524150712638E-003, 
 0.6359809882509933E-003, -0.6617466696556153E-003, 
 0.7806930185181726E-003, -0.4341032995185743E-003, 
 0.8501005624221738E-003, -0.1810023000437150E-003, 
 0.8422147220762258E-003,  0.7414914437559229E-004, 
 0.7619233968668995E-003,  0.3090326632215711E-003, 
 0.6201883076911233E-003,  0.5043268913947580E-003, 
 0.4327434268129038E-003,  0.6452468334462116E-003, 
 0.2184428453727612E-003,  0.7225926417765493E-003, 
-0.2573883515237483E-005,  0.7332474234469332E-003, 
-0.2107311172664218E-003,  0.6801080562245720E-003, 
-0.3887102957823374E-003,  0.5714826376787099E-003, 
-0.5228431494894598E-003,  0.4200448643256038E-003, 
-0.6041034790506606E-003,  0.2414620518037977E-003, 
-0.6286270776667491E-003,  0.5283431432597331E-004, 
-0.5977396895046893E-003, -0.1288980708466041E-003, 
-0.5175254588132171E-003, -0.2884367071380222E-003, 
-0.3979971882005110E-003, -0.4133742190948870E-003, 
-0.2519659711872112E-003, -0.4951063325359187E-003, 
-0.9373590494302714E-004, -0.5293478806132180E-003, 
 0.6225278435989706E-004, -0.5162347625628660E-003, 
 0.2027077619788874E-003, -0.4600226220553172E-003, 
 0.3165791093585217E-003, -0.3684373764962698E-003, 
 0.3958827595862981E-003, -0.2517623223712515E-003, 
 0.4361970443169165E-003, -0.1217554381852515E-003, 
 0.4368036691161559E-003,  0.9491643798673671E-005, 
 0.4004891626879265E-003,  0.1306422726925665E-003, 
 0.3330486811102914E-003,  0.2320619240962691E-003, 
 0.2425524655665021E-003,  0.3065453417614136E-003, 
 0.1384631970821268E-003,  0.3497697102491286E-003, 
 0.3069585551714306E-004,  0.3604581533555552E-003, 
-0.7129527056803093E-004,  0.3402573478292229E-003, 
-0.1593162079006109E-003,  0.2933583965547371E-003, 
-0.2270544559517608E-003,  0.2259209228650320E-003, 
-0.2704835990451874E-003,  0.1453659385301312E-003, 
-0.2880263843908640E-003,  0.5960973555832506E-004, 
-0.2804802474822522E-003, -0.2368001159996636E-004, 
-0.2507367140577883E-003, -0.9774139298276291E-004, 
-0.2033332659508851E-003, -0.1572378766490155E-003, 
-0.1438935786060423E-003, -0.1985980195654265E-003, 
-0.7852332669618690E-004, -0.2201617543228082E-003, 
-0.1321773839112760E-004, -0.2221397189103968E-003, 
 0.4666421974518850E-004, -0.2064010752320470E-003, 
 0.9681034032387917E-004, -0.1761287724968875E-003, 
 0.1342267634358636E-003, -0.1353909163298334E-003, 
 0.1573582054075615E-003, -0.8867251412011029E-004, 
 0.1660557469557830E-003, -0.4041991765345547E-004, 
 0.1614158869340208E-003,  0.5355823949274495E-005, 
 0.1455206589320720E-003,  0.4538892164603264E-004, 
 0.1211112745553880E-003,  0.7735778907350646E-004, 
 0.9124073134404401E-004,  0.9996265884470529E-004, 
 0.5894376047247858E-004,  0.1128932381784239E-003, 
 0.2695236684953924E-004,  0.1167003140137896E-003, 
-0.2513503526865430E-005,  0.1125944809431020E-003, 
-0.2786678397272170E-004,  0.1022085292439579E-003, 
-0.4818777652920568E-004,  0.8735234742158568E-004, 
-0.6317523108926656E-004,  0.6978747332514919E-004, 
-0.7303133321058681E-004,  0.5105082731019419E-004, 
-0.7830815443438758E-004,  0.3234026032095007E-004, 
-0.7973631371967313E-004,  0.1446620376199028E-004, 
-0.7806185879271213E-004, -0.2127787271332142E-005, 
-0.7391777667939292E-004, -0.1729005502983875E-004, 
-0.6774091740124580E-004, -0.3105125120437681E-004, 
-0.5974317881728951E-004, -0.4349610370063308E-004, 
-0.4994117780717662E-004, -0.5464221196998991E-004, 
-0.3823120264068655E-004, -0.6434824427100167E-004, 
-0.2449545507596210E-004, -0.7226173321445716E-004, 
-0.8724642352009642E-005, -0.7781885850561982E-004, 
 0.8869211005264723E-005, -0.8029953890450756E-004, 
 0.2776900021368120E-004, -0.7892602394281398E-004, 
 0.4711010706482807E-004, -0.7299499599614953E-004, 
 0.6569494549933258E-004, -0.6202644011445658E-004, 
 0.8206685088206023E-004, -0.4590251666771291E-004, 
 0.9463459150522696E-004, -0.2497825009209526E-004, 
 0.1018403117821608E-003, -0.1468088133925080E-006, 
 0.1023514394917633E-003,  0.2715969917047205E-004, 
 0.9524991306406698E-004,  0.5503725823429026E-004, 
 0.8019946343854417E-004,  0.8124177135557257E-004, 
 0.5756690595244522E-004,  0.1033810696267555E-003, 
 0.2847468580894794E-004,  0.1191462587326390E-003, 
-0.5222746817511601E-005,  0.1265575794604649E-003, 
-0.4104402995763125E-004,  0.1242030748653620E-003, 
-0.7606625482477691E-004,  0.1114391421822808E-003, 
-0.1071717027814207E-003,  0.8852655288459592E-004, 
-0.1313353455437280E-003,  0.5668729675666110E-004, 
-0.1459290926270372E-003,  0.1806679013237307E-004, 
-0.1490070661407356E-003, -0.2440242585958710E-004, 
-0.1395424353715735E-003, -0.6722300751056570E-004, 
-0.1175919262073570E-003, -0.1066274226314888E-003, 
-0.8436201018800001E-004, -0.1389204544426446E-003, 
-0.4216585230626524E-004, -0.1608330541336589E-003, 
 0.5727338907085805E-005, -0.1698564384178439E-003, 
 0.5534616385644102E-004, -0.1645233032779866E-003, 
 0.1023528141072664E-003, -0.1446010178170783E-003, 
 0.1424285840879395E-003, -0.1111772099017742E-003, 
 0.1716786717215147E-003, -0.6662533992708056E-004, 
 0.1870163324451385E-003, -0.1444354647733664E-004, 
 0.1864852131845438E-003,  0.4101954034643267E-004, 
 0.1694910531638043E-003,  0.9492950557376863E-004, 
 0.1369152992739135E-003,  0.1423946860012398E-003, 
 0.9109208341314309E-004,  0.1789165100820454E-003, 
 0.3565029391480655E-004,  0.2008188603891281E-003, 
-0.2477090744723950E-004,  0.2056195028582856E-003, 
-0.8491376658188713E-004,  0.1923027908230411E-003, 
-0.1393629704355204E-003,  0.1614638417748918E-003, 
-0.1830367968790182E-003,  0.1153107448041597E-003, 
-0.2116662936852646E-003,  0.5751628946984806E-004, 
-0.2222127269897101E-003, -0.7072356800470454E-005, 
-0.2131842707733140E-003, -0.7283905208927979E-004, 
-0.1848222770035189E-003, -0.1338886439736003E-003, 
-0.1391314064730454E-003, -0.1845791086266392E-003, 
-0.7974814173221861E-004, -0.2200435901627515E-003, 
-0.1165797231956922E-004, -0.2366575264449368E-003, 
 0.5922144116523321E-004, -0.2324067427761803E-003, 
 0.1265545604448866E-003, -0.2071157603935903E-003, 
 0.1841524755127155E-003, -0.1625152736207031E-003, 
 0.2265417131471581E-003, -0.1021387113747993E-003, 
 0.2494834638518000E-003, -0.3104874761453137E-004, 
 0.2503919356458866E-003,  0.4458199147393270E-004, 
 0.2286155178354458E-003,  0.1180012564169999E-003, 
 0.1855496087785103E-003,  0.1824771374406320E-003, 
 0.1245640352393278E-003,  0.2319112029006068E-003, 
 0.5075127862391591E-004,  0.2614092787825465E-003, 
-0.2948837836990083E-004,  0.2677610004714244E-003, 
-0.1089939053196587E-003,  0.2497786622831042E-003, 
-0.1804725003328455E-003,  0.2084609201573623E-003, 
-0.2371581099854521E-003,  0.1469657943487478E-003, 
-0.2734433831412818E-003,  0.7038650507277755E-004, 
-0.2854233006785192E-003, -0.1465525385097751E-004, 
-0.2713015039192280E-003, -0.1005635521461684E-003, 
-0.2316213078845464E-003, -0.1794284936136925E-003, 
-0.1692913567529680E-003, -0.2437368849253237E-003, 
-0.8939959522736377E-004, -0.2870680742419753E-003, 
 0.1172546090005509E-005, -0.3047167213653424E-003, 
 0.9431255597480226E-004, -0.2941851727132116E-003, 
 0.1813702638240395E-003, -0.2554941847566007E-003, 
 0.2539243886550287E-003, -0.1912821723722422E-003, 
 0.3045626294631427E-003, -0.1066762891840161E-003, 
 0.3276062209989665E-003, -0.8933883440971496E-005, 
 0.3197126251593628E-003,  0.9312083175845188E-004, 
 0.2803038706953544E-003,  0.1898265051150209E-003, 
 0.2117736744183307E-003,  0.2715309527269662E-003, 
 0.1194425706676792E-003,  0.3294860333868934E-003, 
 0.1125419277278147E-004,  0.3567208356356971E-003, 
-0.1027820774362791E-003,  0.3488246328703117E-003, 
-0.2113783933853392E-003,  0.3045669304075552E-003, 
-0.3029399323841091E-003,  0.2262927719323838E-003, 
-0.3666676044653341E-003,  0.1200435894462264E-003, 
-0.3937266307558529E-003, -0.4643301119948444E-005, 
-0.3783986486779664E-003, -0.1352899718810483E-003, 
-0.3191273622160946E-003, -0.2574099178328561E-003, 
-0.2193452450048817E-003, -0.3558354026560748E-003, 
-0.8792884254340645E-004, -0.4164342879418358E-003, 
 0.6091140420896572E-004, -0.4281614295074502E-003, 
 0.2085505267020616E-003, -0.3852985068824323E-003, 
 0.3339342946555851E-003, -0.2895567283169622E-003, 
 0.4167634018246618E-003, -0.1514659352583059E-003, 
 0.4416600312826580E-003,  0.9750215178509371E-005, 
 0.4024842625951989E-003,  0.1686014128157817E-003, 
 0.3052778025430337E-003,  0.2982859651971221E-003, 
 0.1681186497845417E-003,  0.3771986763419955E-003, 
 0.1706558809545811E-004,  0.3947323416085431E-003, 
-0.1207566573893436E-003,  0.3538140946036366E-003, 
-0.2241967167343898E-003,  0.2689619290880529E-003, 
-0.2824060948994117E-003,  0.1609244921426895E-003, 
-0.2952534716559527E-003,  0.5049469015927281E-004, 
-0.2706321387265326E-003, -0.4611108731550877E-004, 
-0.2204976929268801E-003, -0.1192803225958644E-003, 
-0.1572770794906080E-003, -0.1657565418992450E-003, 
-0.9148292064796958E-004, -0.1870768193980100E-003, 
-0.3062309406332593E-004, -0.1876225800116569E-003, 
 0.2089414891072244E-004, -0.1728812267717138E-003, 
 0.6125726355967220E-004, -0.1481876341808106E-003, 
 0.9049402978865954E-004, -0.1179843865798786E-003, 
 0.1096913066521910E-003, -0.8552238246793258E-004, 
 0.1203285071791308E-003, -0.5288957417216762E-004, 
 0.1237958400034233E-003, -0.2124939307076405E-004, 
 0.1211148705793648E-003,  0.8817591774617280E-005, 
 0.1128505255065090E-003,  0.3694959362951462E-004, 
 0.9919040985757478E-004,  0.6268380300771082E-004, 
 0.8014927222576867E-004,  0.8523298992808451E-004, 
 0.5585001161417909E-004,  0.1033892808862042E-003, 
 0.2683100904022068E-004,  0.1155769391276923E-003, 
-0.5684111005749951E-005,  0.1200633893534121E-003, 
-0.3962447316884469E-004,  0.1153114745153048E-003, 
-0.7208766337532774E-004,  0.1004304233036506E-003, 
-0.9960001804109715E-004,  0.7564057146201680E-004, 
-0.1186441320092634E-003,  0.4260920477888332E-004, 
-0.1263808575471942E-003,  0.4490914377392659E-005, 
-0.1213760335725650E-003, -0.3444886355067778E-004, 
-0.1040548002989236E-003, -0.6960507862586176E-004, 
-0.7665520184975218E-004, -0.9696379050917957E-004, 
-0.4268011370122756E-004, -0.1138342769597604E-003, 
-0.6103139903427701E-005, -0.1191257204711724E-003, 
 0.2932738890692259E-004, -0.1131711524087662E-003, 
 0.6047677703205699E-004, -0.9732476083920059E-004, 
 0.8493076904555565E-004, -0.7358845685208578E-004, 
 0.1009845496309177E-003, -0.4437618553145198E-004, 
 0.1076442191562720E-003, -0.1237186532600811E-004, 
 0.1046690393691200E-003,  0.1960771237733218E-004, 
 0.9261302804751021E-004,  0.4879902953044809E-004, 
 0.7280836443167117E-004,  0.7272484109936791E-004, 
 0.4725706761172299E-004,  0.8943373280000080E-004, 
 0.1842720682170138E-004,  0.9769597757155911E-004, 
-0.1102045899707257E-004,  0.9710290652320201E-004, 
-0.3850765436490466E-004,  0.8804086939873897E-004, 
-0.6174351827246190E-004,  0.7157729899624440E-004, 
-0.7885161370161709E-004,  0.4933473288267347E-004, 
-0.8847373613443887E-004,  0.2338852675856926E-004, 
-0.8990048007517971E-004, -0.3847962235026654E-005, 
-0.8320994088116452E-004, -0.2982268553742564E-004, 
-0.6931785791456433E-004, -0.5215179184301838E-004, 
-0.4984890817654895E-004, -0.6894707140368238E-004, 
-0.2684965236434879E-004, -0.7902349637786003E-004, 
-0.2469738805654505E-005, -0.8191395223950067E-004, 
 0.2125501969102135E-004, -0.7774018551818457E-004, 
 0.4247319209571357E-004, -0.6706839230944685E-004, 
 0.5951443852752976E-004, -0.5085546933602148E-004, 
 0.7093343249026815E-004, -0.3048574193513950E-004, 
 0.7566867046684123E-004, -0.7802273029050631E-005, 
 0.7328297436842563E-004,  0.1498512176030964E-004, 
 0.6416073939180986E-004,  0.3557548878459326E-004, 
 0.4951392995383117E-004,  0.5197270997562701E-004, 
 0.3114394976457675E-004,  0.6283124552328112E-004, 
 0.1105683715045117E-004,  0.6759431617432562E-004, 
-0.8889603681444195E-005,  0.6639082702075274E-004, 
-0.2716679677829112E-004,  0.5979332311840402E-004, 
-0.4256716720595877E-004,  0.4859688233001462E-004, 
-0.5410284091705387E-004,  0.3372473872476562E-004, 
-0.6093370952135423E-004,  0.1626210477932159E-004, 
-0.6240434309617222E-004, -0.2454423587426571E-005, 
-0.5820244234391133E-004, -0.2079681925849788E-004, 
-0.4857274458142178E-004, -0.3694778590413485E-004, 
-0.3446347441172896E-004, -0.4916912583258048E-004, 
-0.1748725523406656E-004, -0.5616458833444156E-004, 
 0.3487261137722344E-006, -0.5738774598200890E-004, 
 0.1706220934967599E-004, -0.5313782826810910E-004, 
 0.3108223674483715E-004, -0.4439137577258591E-004, 
 0.4144185429574835E-004, -0.3246864607799921E-004, 
 0.4774078074854411E-004, -0.1870534024225234E-004, 
 0.4996159488489782E-004, -0.4260886851425486E-005, 
 0.4827260012864015E-004,  0.9904799482714045E-005, 
 0.4291763103493981E-004,  0.2294626011141928E-004, 
 0.3421976402705197E-004,  0.3403037713089328E-004, 
 0.2267221754530288E-004,  0.4229045898515014E-004, 
 0.9058780703662879E-005,  0.4688144698827644E-004, 
-0.5473112734926394E-005,  0.4714032320893170E-004, 
-0.1945511278345619E-004,  0.4280649185036240E-004, 
-0.3129090323065840E-004,  0.3421831174764277E-004, 
-0.3957469890740525E-004,  0.2237945279781828E-004, 
-0.4342764435574549E-004,  0.8816263778934784E-005, 
-0.4270077401559860E-004, -0.4752326582189996E-005, 
-0.3794644944179157E-004, -0.1680261294836317E-004, 
-0.3017881140040138E-004, -0.2628779100100069E-004, 
-0.2055078982807762E-004, -0.3271302071948133E-004, 
-0.1009807909326373E-004, -0.3602417026124470E-004, 
 0.3724802891405611E-006, -0.3641591767674751E-004, 
 0.1026297524717358E-004, -0.3416312283881097E-004, 
 0.1909163763172988E-004, -0.2953351761577964E-004, 
 0.2639541754929060E-004, -0.2279194210156845E-004, 
 0.3167861778282882E-004, -0.1426775936067658E-004, 
 0.3442820468981343E-004, -0.4444350110576542E-005, 
 0.3419863318256858E-004,  0.5968868992437546E-005, 
 0.3075128323742848E-004,  0.1602433002562059E-004, 
 0.2420691327035159E-004,  0.2461660065589568E-004, 
 0.1515223800352896E-004,  0.3066100774841642E-004, 
 0.4635587749615811E-005,  0.3334060809586938E-004, 
-0.5993153518095696E-005,  0.3234059417054987E-004, 
-0.1537233373378891E-004,  0.2796018340496972E-004, 
-0.2244189362647503E-004,  0.2103391168285224E-004, 
-0.2665006443520325E-004,  0.1268701021030740E-004, 
-0.2797421266325559E-004,  0.4034704576918129E-005, 
-0.2677746223154851E-004, -0.4043514659099405E-005, 
-0.2360071457267229E-004, -0.1098691437578922E-004, 
-0.1898770643888875E-004, -0.1651230466900350E-004, 
-0.1339198140045023E-004, -0.2050887491431981E-004, 
-0.7168497043788619E-005, -0.2293159835156491E-004, 
-0.6196072837414254E-006, -0.2373513699592121E-004, 
 0.5942228936000866E-005, -0.2285847662069811E-004, 
 0.1214120277355094E-004, -0.2025420153348750E-004, 
 0.1751529122075284E-004, -0.1595077116990411E-004, 
 0.2153773903183332E-004, -0.1012623631511492E-004, 
 0.2368419493811229E-004, -0.3169877565089624E-005, 
 0.2354108019036474E-004,  0.4291480777791036E-005, 
 0.2093707290348636E-004,  0.1143107088962455E-004, 
 0.1605548154731569E-004,  0.1734050325724244E-004, 
 0.9475259839526301E-005,  0.2121509863530737E-004, 
 0.2097782881212328E-005,  0.2255735203594239E-004, 
-0.5045204076737837E-005,  0.2131692670226404E-004, 
-0.1103917532996278E-004,  0.1789342337425953E-004, 
-0.1528619731146192E-004,  0.1299585115044363E-004, 
-0.1757972256991901E-004,  0.7426247667103039E-005, 
-0.1804545059585008E-004,  0.1883184077226038E-005, 
-0.1700292525277798E-004, -0.3144405409584573E-005, 
-0.1482511346514090E-004, -0.7383567998713209E-005, 
-0.1184443773814206E-004, -0.1072085222323519E-004, 
-0.8316389593810871E-005, -0.1312556117095025E-004, 
-0.4431229472113486E-005, -0.1458553886978383E-004, 
-0.3509756590724971E-006, -0.1507378450438944E-004, 
 0.3750189460668718E-005, -0.1454535280758780E-004, 
 0.7653725721067645E-005, -0.1295844259948668E-004, 
 0.1108311244528560E-004, -0.1031340707199292E-004, 
 0.1371558871572709E-004, -0.6697071465640826E-005, 
 0.1521813475343188E-004, -0.2320884265578287E-005, 
 0.1530705953593211E-004,  0.2456988443197188E-005, 
 0.1382522713388823E-004,  0.7141683984911174E-005, 
 0.1081750052295321E-004,  0.1115583634940680E-004, 
 0.6579079648530575E-005,  0.1393823252141031E-004, 
 0.1647147383003266E-005,  0.1507353212599469E-004, 
-0.3287058005773083E-005,  0.1441329260394663E-004, 
-0.7532187652634947E-005,  0.1213229399604653E-004, 
-0.1056295870937859E-004,  0.8685722055623369E-005, 
-0.1213188665579976E-004,  0.4677521208583272E-005, 
-0.1228145493159747E-004,  0.6952609458012842E-006, 
-0.1126475602776862E-004, -0.2816489880309102E-005, 
-0.9427906145118744E-005, -0.5605331191752826E-005, 
-0.7106941874185263E-005, -0.7590813441689148E-005, 
