 
-0.4825049750071072E+001 ,  0.0000000000000000E+000 ,  0.0000000000000000E+000 ,  0.0000000000000000E+000 ,  0.0000000000000000E+000 ,  0.0000000000000000E+000 ,  0.0000000000000000E+000
-0.4650099500142143E+001 ,  0.0000000000000000E+000 ,  0.0000000000000000E+000 ,  0.0000000000000000E+000 ,  0.0000000000000000E+000 ,  0.0000000000000000E+000 ,  0.0000000000000000E+000
-0.4475149250213215E+001 ,  0.0000000000000000E+000 ,  0.0000000000000000E+000 ,  0.0000000000000000E+000 ,  0.0000000000000000E+000 ,  0.0000000000000000E+000 ,  0.0000000000000000E+000
-0.4300199000284286E+001 ,  0.0000000000000000E+000 ,  0.0000000000000000E+000 ,  0.0000000000000000E+000 ,  0.0000000000000000E+000 ,  0.0000000000000000E+000 ,  0.0000000000000000E+000
-0.4125248750355357E+001 ,  0.0000000000000000E+000 ,  0.0000000000000000E+000 ,  0.0000000000000000E+000 ,  0.0000000000000000E+000 ,  0.0000000000000000E+000 ,  0.0000000000000000E+000
-0.3950298500426429E+001 ,  0.0000000000000000E+000 ,  0.0000000000000000E+000 ,  0.0000000000000000E+000 ,  0.6353460718253004E-304 ,  0.0000000000000000E+000 ,  0.0000000000000000E+000
-0.3775348250497501E+001 ,  0.0000000000000000E+000 ,  0.2287021234759525E-278 ,  0.1531186514796285E-278 ,  0.7785717880656137E-278 ,  0.0000000000000000E+000 ,  0.0000000000000000E+000
-0.3600398000568572E+001 ,  0.0000000000000000E+000 ,  0.1875625814977987E-253 ,  0.1252310635594392E-253 ,  0.6280771353978788E-253 ,  0.0000000000000000E+000 ,  0.0000000000000000E+000
-0.3425447750639644E+001 ,  0.0000000000000000E+000 ,  0.1013269970756537E-229 ,  0.6748729673893262E-230 ,  0.3335441373251557E-229 ,  0.0000000000000000E+000 ,  0.0000000000000000E+000
-0.3250497500710715E+001 ,  0.0000000000000000E+000 ,  0.3606069868122372E-207 ,  0.2396674257886407E-207 ,  0.1166056640582098E-206 ,  0.0000000000000000E+000 ,  0.0000000000000000E+000
-0.3075547250781787E+001 ,  0.0000000000000000E+000 ,  0.8454819378145528E-186 ,  0.5609622819966213E-186 ,  0.2683564195064631E-185 ,  0.0000000000000000E+000 ,  0.0000000000000000E+000
-0.2900597000852858E+001 ,  0.0000000000000000E+000 ,  0.1306087080117926E-165 ,  0.8655033346448929E-166 ,  0.4065653270167640E-165 ,  0.0000000000000000E+000 ,  0.0000000000000000E+000
-0.2725646750923930E+001 ,  0.0000000000000000E+000 ,  0.1329475150732256E-146 ,  0.8804454221804584E-147 ,  0.4054849079804873E-146 ,  0.0000000000000000E+000 ,  0.0000000000000000E+000
-0.2550696500995001E+001 ,  0.0000000000000000E+000 ,  0.8918240210684903E-129 ,  0.5906671406066608E-129 ,  0.2662226843424602E-128 ,  0.0000000000000000E+000 ,  0.0000000000000000E+000
-0.2375746251066073E+001 ,  0.0000000000000000E+000 ,  0.3943024159165019E-112 ,  0.2614110879409682E-112 ,  0.1150645196728241E-111 ,  0.0000000000000000E+000 ,  0.0000000000000000E+000
-0.2200796001137145E+001 ,  0.0000000000000000E+000 ,  0.1149222717674263E-096 ,  0.7635103951628641E-097 ,  0.3273887914610050E-096 ,  0.0000000000000000E+000 ,  0.0000000000000000E+000
-0.2025845751208216E+001 ,  0.0000000000000000E+000 ,  0.2208478011587488E-082 ,  0.1472420820890241E-082 ,  0.6132141839625882E-082 ,  0.0000000000000000E+000 ,  0.0000000000000000E+000
-0.1850895501279287E+001 ,  0.0000000000000000E+000 ,  0.2799029154962184E-069 ,  0.1876105411225273E-069 ,  0.7561127890924319E-069 ,  0.0000000000000000E+000 ,  0.0000000000000000E+000
-0.1675945251350359E+001 ,  0.0000000000000000E+000 ,  0.2340387854339437E-057 ,  0.1580765340060392E-057 ,  0.6137436095495875E-057 ,  0.0000000000000000E+000 ,  0.0000000000000000E+000
-0.1500995001421431E+001 ,  0.0000000000000000E+000 ,  0.1291561717114745E-046 ,  0.8818166822878162E-047 ,  0.3279543453245391E-046 ,  0.0000000000000000E+000 ,  0.0000000000000000E+000
-0.1326044751492502E+001 ,  0.0000000000000000E+000 ,  0.4706813128864021E-037 ,  0.3262264556113498E-037 ,  0.1153628039197263E-036 ,  0.0000000000000000E+000 ,  0.0000000000000000E+000
-0.1151094501563573E+001 ,  0.0000000000000000E+000 ,  0.1133555649428964E-028 ,  0.8023451447436191E-029 ,  0.2671432614561501E-028 ,  0.0000000000000000E+000 ,  0.0000000000000000E+000
-0.9761442516346452E+000 ,  0.0000000000000000E+000 ,  0.1805945819230510E-021 ,  0.1316907044275492E-021 ,  0.4072383335692427E-021 ,  0.0000000000000000E+000 ,  0.0000000000000000E+000
-0.8011940017057162E+000 ,  0.0000000000000000E+000 ,  0.1906081872232161E-015 ,  0.1451456354787295E-015 ,  0.4086759553979422E-015 ,  0.0000000000000000E+000 ,  0.0000000000000000E+000
-0.6262437517767880E+000 ,  0.0000000000000000E+000 ,  0.1335590241130170E-010 ,  0.1086177653181147E-010 ,  0.2699824466269817E-010 ,  0.0000000000000000E+000 ,  0.0000000000000000E+000
-0.4512935018478599E+000 ,  0.0000000000000000E+000 ,  0.6232434042263814E-007 ,  0.5640260167820742E-007 ,  0.1174134847768214E-006 ,  0.0000000000000000E+000 ,  0.0000000000000000E+000
-0.2763432519189308E+000 ,  0.0000000000000000E+000 ,  0.1945159986754757E-004 ,  0.2135580630569602E-004 ,  0.3361448285947600E-004 ,  0.0000000000000000E+000 ,  0.0000000000000000E+000
-0.1013930019900027E+000 ,  0.0000000000000000E+000 ,  0.4073291484995885E-003 ,  0.6744896408852492E-003 ,  0.6335208282626596E-003 ,  0.0000000000000000E+000 ,  0.0000000000000000E+000
 0.7355724793892549E-001 ,  0.0000000000000000E+000 ,  0.5745250988405180E-003 ,  0.2669037804158209E-002 ,  0.7859978686427812E-003 ,  0.0000000000000000E+000 ,  0.0000000000000000E+000
 0.2485074978678545E+000 ,  0.0000000000000000E+000 ,  0.1739164134715296E-003 ,  0.3279204414095797E-002 ,  0.6419598193221195E-004 ,  0.0000000000000000E+000 ,  0.0000000000000000E+000
 0.4234577477967827E+000 ,  0.0000000000000000E+000 ,  0.2155847033696140E-003 ,  0.2977372440917574E-002 ,  0.3451598972633600E-006 ,  0.0000000000000000E+000 ,  0.0000000000000000E+000
 0.5984079977257108E+000 ,  0.0000000000000000E+000 ,  0.2833627142996177E-003 ,  0.2685075984892038E-002 ,  0.1221683822739807E-009 ,  0.0000000000000000E+000 ,  0.0000000000000000E+000
 0.7733582476546399E+000 ,  0.0000000000000000E+000 ,  0.3208049378718925E-003 ,  0.2411070639948215E-002 ,  0.2846579531812734E-014 ,  0.0000000000000000E+000 ,  0.0000000000000000E+000
 0.9483084975835681E+000 ,  0.0000000000000000E+000 ,  0.3613171261865575E-003 ,  0.2159304140319647E-002 ,  0.4366302580158543E-020 ,  0.0000000000000000E+000 ,  0.0000000000000000E+000
 0.1123258747512496E+001 ,  0.0000000000000000E+000 ,  0.3840679215929641E-003 ,  0.1942153923305592E-002 ,  0.4408900948935833E-027 ,  0.0000000000000000E+000 ,  0.0000000000000000E+000
 0.1298208997441425E+001 ,  0.0000000000000000E+000 ,  0.3964088389054087E-003 ,  0.1734678774745559E-002 ,  0.2930710110572744E-035 ,  0.0000000000000000E+000 ,  0.0000000000000000E+000
 0.1473159247370353E+001 ,  0.0000000000000000E+000 ,  0.4102316347307986E-003 ,  0.1553333377112743E-002 ,  0.1282452800592308E-044 ,  0.0000000000000000E+000 ,  0.0000000000000000E+000
 0.1648109497299282E+001 ,  0.0000000000000000E+000 ,  0.4083492860818631E-003 ,  0.1391042697406585E-002 ,  0.3694332028708874E-055 ,  0.0000000000000000E+000 ,  0.0000000000000000E+000
 0.1823059747228211E+001 ,  0.0000000000000000E+000 ,  0.4072923713885630E-003 ,  0.1237773606841547E-002 ,  0.7005779547190009E-067 ,  0.0000000000000000E+000 ,  0.0000000000000000E+000
 0.1998009997157139E+001 ,  0.0000000000000000E+000 ,  0.4034833134159890E-003 ,  0.1107666348282249E-002 ,  0.8745869972138047E-080 ,  0.0000000000000000E+000 ,  0.0000000000000000E+000
 0.2172960247086068E+001 ,  0.0000000000000000E+000 ,  0.3902515287406086E-003 ,  0.9863147104123022E-003 ,  0.7187462180564839E-094 ,  0.0000000000000000E+000 ,  0.0000000000000000E+000
 0.2347910497014996E+001 ,  0.0000000000000000E+000 ,  0.3817810686009989E-003 ,  0.8758366470272870E-003 ,  0.3888428663770753E-109 ,  0.0000000000000000E+000 ,  0.0000000000000000E+000
 0.2522860746943924E+001 ,  0.0000000000000000E+000 ,  0.3678137345578798E-003 ,  0.7820557423067873E-003 ,  0.1384837152876526E-125 ,  0.0000000000000000E+000 ,  0.0000000000000000E+000
 0.2697810996872853E+001 ,  0.0000000000000000E+000 ,  0.3509488823133598E-003 ,  0.6922345434388737E-003 ,  0.3246753251114514E-143 ,  0.0000000000000000E+000 ,  0.0000000000000000E+000
 0.2872761246801781E+001 ,  0.0000000000000000E+000 ,  0.3381874266123817E-003 ,  0.6141526909165477E-003 ,  0.5011016916688420E-162 ,  0.0000000000000000E+000 ,  0.0000000000000000E+000
 0.3047711496730710E+001 ,  0.0000000000000000E+000 ,  0.3198849658572912E-003 ,  0.5460023466587249E-003 ,  0.5091297334524917E-182 ,  0.0000000000000000E+000 ,  0.0000000000000000E+000
 0.3222661746659638E+001 ,  0.0000000000000000E+000 ,  0.3031009699998039E-003 ,  0.4808218409637992E-003 ,  0.3405313184531038E-203 ,  0.0000000000000000E+000 ,  0.0000000000000000E+000
 0.3397611996588568E+001 ,  0.0000000000000000E+000 ,  0.2880955702571676E-003 ,  0.4262181798838857E-003 ,  0.1499379836076314E-225 ,  0.0000000000000000E+000 ,  0.0000000000000000E+000
 0.3572562246517496E+001 ,  0.0000000000000000E+000 ,  0.2694498937266779E-003 ,  0.3764969235108428E-003 ,  0.4346025592409810E-249 ,  0.0000000000000000E+000 ,  0.0000000000000000E+000
 0.3747512496446424E+001 ,  0.0000000000000000E+000 ,  0.2540690298012679E-003 ,  0.3303488680580720E-003 ,  0.8292756242231113E-274 ,  0.0000000000000000E+000 ,  0.0000000000000000E+000
 0.3922462746375352E+001 ,  0.0000000000000000E+000 ,  0.2384907765003939E-003 ,  0.2921429646328274E-003 ,  0.1041673287916280E-299 ,  0.0000000000000000E+000 ,  0.0000000000000000E+000
 0.4097412996304280E+001 ,  0.0000000000000000E+000 ,  0.2217233722277114E-003 ,  0.2560707818177100E-003 ,  0.0000000000000000E+000 ,  0.0000000000000000E+000 ,  0.0000000000000000E+000
 0.4272363246233208E+001 ,  0.0000000000000000E+000 ,  0.2079892109719925E-003 ,  0.2241615012650482E-003 ,  0.0000000000000000E+000 ,  0.0000000000000000E+000 ,  0.0000000000000000E+000
 0.4447313496162138E+001 ,  0.0000000000000000E+000 ,  0.1932497459212346E-003 ,  0.1972420731910287E-003 ,  0.0000000000000000E+000 ,  0.0000000000000000E+000 ,  0.0000000000000000E+000
 0.4622263746091066E+001 ,  0.0000000000000000E+000 ,  0.1792027995750673E-003 ,  0.1715822617607071E-003 ,  0.0000000000000000E+000 ,  0.0000000000000000E+000 ,  0.0000000000000000E+000
 0.4797213996019995E+001 ,  0.0000000000000000E+000 ,  0.1670025941646686E-003 ,  0.1499649308481367E-003 ,  0.0000000000000000E+000 ,  0.0000000000000000E+000 ,  0.0000000000000000E+000
 0.4972164245948923E+001 ,  0.0000000000000000E+000 ,  0.1539535360138477E-003 ,  0.1308999170652942E-003 ,  0.0000000000000000E+000 ,  0.0000000000000000E+000 ,  0.0000000000000000E+000
 0.5147114495877851E+001 ,  0.0000000000000000E+000 ,  0.1424797852640389E-003 ,  0.1130859608555734E-003 ,  0.0000000000000000E+000 ,  0.0000000000000000E+000 ,  0.0000000000000000E+000
 0.5322064745806781E+001 ,  0.0000000000000000E+000 ,  0.1317696740518495E-003 ,  0.9843696507075265E-004 ,  0.0000000000000000E+000 ,  0.0000000000000000E+000 ,  0.0000000000000000E+000
 0.5497014995735709E+001 ,  0.0000000000000000E+000 ,  0.1209888103044756E-003 ,  0.8489355312117392E-004 ,  0.0000000000000000E+000 ,  0.0000000000000000E+000 ,  0.0000000000000000E+000
 0.5671965245664637E+001 ,  0.0000000000000000E+000 ,  0.1118177960664317E-003 ,  0.7295402283407070E-004 ,  0.0000000000000000E+000 ,  0.0000000000000000E+000 ,  0.0000000000000000E+000
 0.5846915495593565E+001 ,  0.0000000000000000E+000 ,  0.1026479987846144E-003 ,  0.6311595094657093E-004 ,  0.0000000000000000E+000 ,  0.0000000000000000E+000 ,  0.0000000000000000E+000
 0.6021865745522494E+001 ,  0.0000000000000000E+000 ,  0.9399534390106878E-004 ,  0.5370373612737475E-004 ,  0.0000000000000000E+000 ,  0.0000000000000000E+000 ,  0.0000000000000000E+000
 0.6196815995451422E+001 ,  0.0000000000000000E+000 ,  0.8652708835564411E-004 ,  0.4585263642160709E-004 ,  0.0000000000000000E+000 ,  0.0000000000000000E+000 ,  0.0000000000000000E+000
 0.6371766245380352E+001 ,  0.0000000000000000E+000 ,  0.7897703845273428E-004 ,  0.3910155111337841E-004 ,  0.0000000000000000E+000 ,  0.0000000000000000E+000 ,  0.0000000000000000E+000
 0.6546716495309280E+001 ,  0.0000000000000000E+000 ,  0.7232146914705897E-004 ,  0.3276740953029099E-004 ,  0.0000000000000000E+000 ,  0.0000000000000000E+000 ,  0.0000000000000000E+000
 0.6721666745238208E+001 ,  0.0000000000000000E+000 ,  0.6623609511103718E-004 ,  0.2778967624305204E-004 ,  0.0000000000000000E+000 ,  0.0000000000000000E+000 ,  0.0000000000000000E+000
 0.6896616995167136E+001 ,  0.0000000000000000E+000 ,  0.6015748855681746E-004 ,  0.2318244043627244E-004 ,  0.0000000000000000E+000 ,  0.0000000000000000E+000 ,  0.0000000000000000E+000
 0.7071567245096064E+001 ,  0.0000000000000000E+000 ,  0.5503595330352889E-004 ,  0.1903415471647307E-004 ,  0.0000000000000000E+000 ,  0.0000000000000000E+000 ,  0.0000000000000000E+000
 0.7246517495024992E+001 ,  0.0000000000000000E+000 ,  0.5015281890437139E-004 ,  0.1586772594246368E-004 ,  0.0000000000000000E+000 ,  0.0000000000000000E+000 ,  0.0000000000000000E+000
 0.7421467744953922E+001 ,  0.0000000000000000E+000 ,  0.4546525752143067E-004 ,  0.1281241201421124E-004 ,  0.0000000000000000E+000 ,  0.0000000000000000E+000 ,  0.0000000000000000E+000
 0.7596417994882851E+001 ,  0.0000000000000000E+000 ,  0.4147848376680218E-004 ,  0.1025422056536991E-004 ,  0.0000000000000000E+000 ,  0.0000000000000000E+000 ,  0.0000000000000000E+000
 0.7771368244811779E+001 ,  0.0000000000000000E+000 ,  0.3758204392940112E-004 ,  0.8212835554448998E-005 ,  0.0000000000000000E+000 ,  0.0000000000000000E+000 ,  0.0000000000000000E+000
 0.7946318494740707E+001 ,  0.0000000000000000E+000 ,  0.3406918715494435E-004 ,  0.6237907687702015E-005 ,  0.0000000000000000E+000 ,  0.0000000000000000E+000 ,  0.0000000000000000E+000
 0.8121268744669635E+001 ,  0.0000000000000000E+000 ,  0.3097210760445205E-004 ,  0.4749586565627917E-005 ,  0.0000000000000000E+000 ,  0.0000000000000000E+000 ,  0.0000000000000000E+000
 0.8296218994598565E+001 ,  0.0000000000000000E+000 ,  0.2792884812855029E-004 ,  0.3453658621070882E-005 ,  0.0000000000000000E+000 ,  0.0000000000000000E+000 ,  0.0000000000000000E+000
 0.8471169244527493E+001 ,  0.0000000000000000E+000 ,  0.2530664705522861E-004 ,  0.2246928489736114E-005 ,  0.0000000000000000E+000 ,  0.0000000000000000E+000 ,  0.0000000000000000E+000
 0.8646119494456421E+001 ,  0.0000000000000000E+000 ,  0.2290466373301528E-004 ,  0.1407329255716139E-005 ,  0.0000000000000000E+000 ,  0.0000000000000000E+000 ,  0.0000000000000000E+000
 0.8821069744385349E+001 ,  0.0000000000000000E+000 ,  0.2060845457448791E-004 ,  0.6148861678023667E-006 ,  0.0000000000000000E+000 ,  0.0000000000000000E+000 ,  0.0000000000000000E+000
 0.8996019994314278E+001 ,  0.0000000000000000E+000 ,  0.1864215434777848E-004 , -0.4213171357419684E-007 ,  0.0000000000000000E+000 ,  0.0000000000000000E+000 ,  0.0000000000000000E+000
 0.9170970244243206E+001 ,  0.0000000000000000E+000 ,  0.1678010888838608E-004 , -0.5027392670716357E-006 ,  0.0000000000000000E+000 ,  0.0000000000000000E+000 ,  0.0000000000000000E+000
 0.9345920494172136E+001 ,  0.0000000000000000E+000 ,  0.1509127547882401E-004 , -0.9575909653420983E-006 ,  0.0000000000000000E+000 ,  0.0000000000000000E+000 ,  0.0000000000000000E+000
 0.9520870744101064E+001 ,  0.0000000000000000E+000 ,  0.1360920305830170E-004 , -0.1256115563670734E-005 ,  0.0000000000000000E+000 ,  0.0000000000000000E+000 ,  0.0000000000000000E+000
 0.9695820994029992E+001 ,  0.0000000000000000E+000 ,  0.1218392182179975E-004 , -0.1497775804189009E-005 ,  0.0000000000000000E+000 ,  0.0000000000000000E+000 ,  0.0000000000000000E+000
 0.9870771243958920E+001 ,  0.0000000000000000E+000 ,  0.1095984902755032E-004 , -0.1726892137327656E-005 ,  0.0000000000000000E+000 ,  0.0000000000000000E+000 ,  0.0000000000000000E+000
 0.1004572149388785E+002 ,  0.0000000000000000E+000 ,  0.9845927264323273E-005 , -0.1817750661936788E-005 ,  0.0000000000000000E+000 ,  0.0000000000000000E+000 ,  0.0000000000000000E+000
 0.1022067174381678E+002 ,  0.0000000000000000E+000 ,  0.8783671938732589E-005 , -0.1921241076145781E-005 ,  0.0000000000000000E+000 ,  0.0000000000000000E+000 ,  0.0000000000000000E+000
 0.1039562199374571E+002 ,  0.0000000000000000E+000 ,  0.7893566057489326E-005 , -0.1993039092326037E-005 ,  0.0000000000000000E+000 ,  0.0000000000000000E+000 ,  0.0000000000000000E+000
 0.1057057224367463E+002 ,  0.0000000000000000E+000 ,  0.7053466522490661E-005 , -0.1979593771187154E-005 ,  0.0000000000000000E+000 ,  0.0000000000000000E+000 ,  0.0000000000000000E+000
 0.1074552249360356E+002 ,  0.0000000000000000E+000 ,  0.6279992259686644E-005 , -0.2000085399285221E-005 ,  0.0000000000000000E+000 ,  0.0000000000000000E+000 ,  0.0000000000000000E+000
 0.1092047274353249E+002 ,  0.0000000000000000E+000 ,  0.5629108734002905E-005 , -0.1978002054744309E-005 ,  0.0000000000000000E+000 ,  0.0000000000000000E+000 ,  0.0000000000000000E+000
 0.1109542299346142E+002 ,  0.0000000000000000E+000 ,  0.5005633487516212E-005 , -0.1921389888309366E-005 ,  0.0000000000000000E+000 ,  0.0000000000000000E+000 ,  0.0000000000000000E+000
 0.1127037324339035E+002 ,  0.0000000000000000E+000 ,  0.4456247702918685E-005 , -0.1886330703809256E-005 ,  0.0000000000000000E+000 ,  0.0000000000000000E+000 ,  0.0000000000000000E+000
 0.1144532349331928E+002 ,  0.0000000000000000E+000 ,  0.3975056067632730E-005 , -0.1811893514325278E-005 ,  0.0000000000000000E+000 ,  0.0000000000000000E+000 ,  0.0000000000000000E+000
 0.1162027374324821E+002 ,  0.0000000000000000E+000 ,  0.3517060638337896E-005 , -0.1741386574148298E-005 ,  0.0000000000000000E+000 ,  0.0000000000000000E+000 ,  0.0000000000000000E+000
 0.1179522399317714E+002 ,  0.0000000000000000E+000 ,  0.3129508883089308E-005 , -0.1676933513664543E-005 ,  0.0000000000000000E+000 ,  0.0000000000000000E+000 ,  0.0000000000000000E+000
 0.1197017424310606E+002 ,  0.0000000000000000E+000 ,  0.2775984018135991E-005 , -0.1585767092194675E-005 ,  0.0000000000000000E+000 ,  0.0000000000000000E+000 ,  0.0000000000000000E+000
 0.1214512449303499E+002 ,  0.0000000000000000E+000 ,  0.2449354536922161E-005 , -0.1511032062655514E-005 ,  0.0000000000000000E+000 ,  0.0000000000000000E+000 ,  0.0000000000000000E+000
 0.1232007474296392E+002 ,  0.0000000000000000E+000 ,  0.2174217486300134E-005 , -0.1430529252408691E-005 ,  0.0000000000000000E+000 ,  0.0000000000000000E+000 ,  0.0000000000000000E+000
 0.1249502499289285E+002 ,  0.0000000000000000E+000 ,  0.1914638437311334E-005 , -0.1342316393307218E-005 ,  0.0000000000000000E+000 ,  0.0000000000000000E+000 ,  0.0000000000000000E+000
 0.1266997524282177E+002 ,  0.0000000000000000E+000 ,  0.1686775900912637E-005 , -0.1270328839855993E-005 ,  0.0000000000000000E+000 ,  0.0000000000000000E+000 ,  0.0000000000000000E+000
 0.1284492549275070E+002 ,  0.0000000000000000E+000 ,  0.1491283780212929E-005 , -0.1187684145407654E-005 ,  0.0000000000000000E+000 ,  0.0000000000000000E+000 ,  0.0000000000000000E+000
 0.1301987574267963E+002 ,  0.0000000000000000E+000 ,  0.1305193817941854E-005 , -0.1109416644935335E-005 ,  0.0000000000000000E+000 ,  0.0000000000000000E+000 ,  0.0000000000000000E+000
 0.1319482599260856E+002 ,  0.0000000000000000E+000 ,  0.1147976575227964E-005 , -0.1040417633554384E-005 ,  0.0000000000000000E+000 ,  0.0000000000000000E+000 ,  0.0000000000000000E+000
 0.1336977624253749E+002 ,  0.0000000000000000E+000 ,  0.1006999369027967E-005 , -0.9646207183300388E-006 ,  0.0000000000000000E+000 ,  0.0000000000000000E+000 ,  0.0000000000000000E+000
 0.1354472649246642E+002 ,  0.0000000000000000E+000 ,  0.8771031603230502E-006 , -0.8994400378021095E-006 ,  0.0000000000000000E+000 ,  0.0000000000000000E+000 ,  0.0000000000000000E+000
 0.1371967674239535E+002 ,  0.0000000000000000E+000 ,  0.7699956569908758E-006 , -0.8355012006881337E-006 ,  0.0000000000000000E+000 ,  0.0000000000000000E+000 ,  0.0000000000000000E+000
 0.1389462699232428E+002 ,  0.0000000000000000E+000 ,  0.6684947116054516E-006 , -0.7701019009765620E-006 ,  0.0000000000000000E+000 ,  0.0000000000000000E+000 ,  0.0000000000000000E+000
 0.1406957724225320E+002 ,  0.0000000000000000E+000 ,  0.5793940764053095E-006 , -0.7164647191078532E-006 ,  0.0000000000000000E+000 ,  0.0000000000000000E+000 ,  0.0000000000000000E+000
 0.1424452749218213E+002 ,  0.0000000000000000E+000 ,  0.5061754078383239E-006 , -0.6606639665808738E-006 ,  0.0000000000000000E+000 ,  0.0000000000000000E+000 ,  0.0000000000000000E+000
 0.1441947774211106E+002 ,  0.0000000000000000E+000 ,  0.4352140902377113E-006 , -0.6072894123080497E-006 ,  0.0000000000000000E+000 ,  0.0000000000000000E+000 ,  0.0000000000000000E+000
 0.1459442799203999E+002 ,  0.0000000000000000E+000 ,  0.3757077888674126E-006 , -0.5621070116825891E-006 ,  0.0000000000000000E+000 ,  0.0000000000000000E+000 ,  0.0000000000000000E+000
 0.1476937824196892E+002 ,  0.0000000000000000E+000 ,  0.3247525225379451E-006 , -0.5150177320076339E-006 ,  0.0000000000000000E+000 ,  0.0000000000000000E+000 ,  0.0000000000000000E+000
 0.1494432849189785E+002 ,  0.0000000000000000E+000 ,  0.2762686186960574E-006 , -0.4730334970854822E-006 ,  0.0000000000000000E+000 ,  0.0000000000000000E+000 ,  0.0000000000000000E+000
 0.1511927874182678E+002 ,  0.0000000000000000E+000 ,  0.2371870810803983E-006 , -0.4352138056612184E-006 ,  0.0000000000000000E+000 ,  0.0000000000000000E+000 ,  0.0000000000000000E+000
 0.1529422899175570E+002 ,  0.0000000000000000E+000 ,  0.2017715047236313E-006 , -0.3970828550023022E-006 ,  0.0000000000000000E+000 ,  0.0000000000000000E+000 ,  0.0000000000000000E+000
 0.1546917924168463E+002 ,  0.0000000000000000E+000 ,  0.1697758740076525E-006 , -0.3643743302063091E-006 ,  0.0000000000000000E+000 ,  0.0000000000000000E+000 ,  0.0000000000000000E+000
 0.1564412949161356E+002 ,  0.0000000000000000E+000 ,  0.1442399223627932E-006 , -0.3331764875946544E-006 ,  0.0000000000000000E+000 ,  0.0000000000000000E+000 ,  0.0000000000000000E+000
 0.1581907974154249E+002 ,  0.0000000000000000E+000 ,  0.1201798259812332E-006 , -0.3033349481021705E-006 ,  0.0000000000000000E+000 ,  0.0000000000000000E+000 ,  0.0000000000000000E+000
 0.1599402999147142E+002 ,  0.0000000000000000E+000 ,  0.9984555573836281E-007 , -0.2774778758509431E-006 ,  0.0000000000000000E+000 ,  0.0000000000000000E+000 ,  0.0000000000000000E+000
 0.1616898024140034E+002 ,  0.0000000000000000E+000 ,  0.8280294532855267E-007 , -0.2522174077557367E-006 ,  0.0000000000000000E+000 ,  0.0000000000000000E+000 ,  0.0000000000000000E+000
 0.1634393049132927E+002 ,  0.0000000000000000E+000 ,  0.6688359145441244E-007 , -0.2296979795694336E-006 ,  0.0000000000000000E+000 ,  0.0000000000000000E+000 ,  0.0000000000000000E+000
 0.1651888074125820E+002 ,  0.0000000000000000E+000 ,  0.5460007678421345E-007 , -0.2093191916040441E-006 ,  0.0000000000000000E+000 ,  0.0000000000000000E+000 ,  0.0000000000000000E+000
 0.1669383099118713E+002 ,  0.0000000000000000E+000 ,  0.4337917918584458E-007 , -0.1892987845448653E-006 ,  0.0000000000000000E+000 ,  0.0000000000000000E+000 ,  0.0000000000000000E+000
 0.1686878124111606E+002 ,  0.0000000000000000E+000 ,  0.3328781623429788E-007 , -0.1723017559657530E-006 ,  0.0000000000000000E+000 ,  0.0000000000000000E+000 ,  0.0000000000000000E+000
 0.1704373149104499E+002 ,  0.0000000000000000E+000 ,  0.2595426544243581E-007 , -0.1562819494055930E-006 ,  0.0000000000000000E+000 ,  0.0000000000000000E+000 ,  0.0000000000000000E+000
 0.1721868174097392E+002 ,  0.0000000000000000E+000 ,  0.1872636504185278E-007 , -0.1409918363693760E-006 ,  0.0000000000000000E+000 ,  0.0000000000000000E+000 ,  0.0000000000000000E+000
 0.1739363199090284E+002 ,  0.0000000000000000E+000 ,  0.1280300449216320E-007 , -0.1281379795508418E-006 ,  0.0000000000000000E+000 ,  0.0000000000000000E+000 ,  0.0000000000000000E+000
 0.1756858224083177E+002 ,  0.0000000000000000E+000 ,  0.8502892765244206E-008 , -0.1156380967733809E-006 ,  0.0000000000000000E+000 ,  0.0000000000000000E+000 ,  0.0000000000000000E+000
 0.1774353249076070E+002 ,  0.0000000000000000E+000 ,  0.4099561098917265E-008 , -0.1042120989509357E-006 ,  0.0000000000000000E+000 ,  0.0000000000000000E+000 ,  0.0000000000000000E+000
 0.1791848274068963E+002 ,  0.0000000000000000E+000 ,  0.9003148263801124E-009 , -0.9435731511684509E-007 ,  0.0000000000000000E+000 ,  0.0000000000000000E+000 ,  0.0000000000000000E+000
 0.1809343299061856E+002 ,  0.0000000000000000E+000 , -0.1651379349415183E-008 , -0.8478912553944078E-007 ,  0.0000000000000000E+000 ,  0.0000000000000000E+000 ,  0.0000000000000000E+000
 0.1826838324054749E+002 ,  0.0000000000000000E+000 , -0.4086099909815758E-008 , -0.7645101212335368E-007 ,  0.0000000000000000E+000 ,  0.0000000000000000E+000 ,  0.0000000000000000E+000
 0.1844333349047642E+002 ,  0.0000000000000000E+000 , -0.5554565048361231E-008 , -0.6889416309010092E-007 ,  0.0000000000000000E+000 ,  0.0000000000000000E+000 ,  0.0000000000000000E+000
 0.1861828374040535E+002 ,  0.0000000000000000E+000 , -0.6972573234589056E-008 , -0.6169026470726862E-007 ,  0.0000000000000000E+000 ,  0.0000000000000000E+000 ,  0.0000000000000000E+000
 0.1879323399033427E+002 ,  0.0000000000000000E+000 , -0.8112147525842632E-008 , -0.5558595999641163E-007 ,  0.0000000000000000E+000 ,  0.0000000000000000E+000 ,  0.0000000000000000E+000
 0.1896818424026320E+002 ,  0.0000000000000000E+000 , -0.8646938466315549E-008 , -0.4984857013715466E-007 ,  0.0000000000000000E+000 ,  0.0000000000000000E+000 ,  0.0000000000000000E+000
 0.1914313449019213E+002 ,  0.0000000000000000E+000 , -0.9283331511957310E-008 , -0.4457304614213036E-007 ,  0.0000000000000000E+000 ,  0.0000000000000000E+000 ,  0.0000000000000000E+000
 0.1931808474012106E+002 ,  0.0000000000000000E+000 , -0.9580534239087570E-008 , -0.4003956472571814E-007 ,  0.0000000000000000E+000 ,  0.0000000000000000E+000 ,  0.0000000000000000E+000
 0.1949303499004998E+002 ,  0.0000000000000000E+000 , -0.9669916563052244E-008 , -0.3571457221545609E-007 ,  0.0000000000000000E+000 ,  0.0000000000000000E+000 ,  0.0000000000000000E+000
 0.1966798523997891E+002 ,  0.0000000000000000E+000 , -0.9816221030102356E-008 , -0.3194081208383157E-007 ,  0.0000000000000000E+000 ,  0.0000000000000000E+000 ,  0.0000000000000000E+000
 0.1984293548990784E+002 ,  0.0000000000000000E+000 , -0.9634479820604132E-008 , -0.2858043242945291E-007 ,  0.0000000000000000E+000 ,  0.0000000000000000E+000 ,  0.0000000000000000E+000
 0.2001788573983677E+002 ,  0.0000000000000000E+000 , -0.9477683038617343E-008 , -0.2538650013478741E-007 ,  0.0000000000000000E+000 ,  0.0000000000000000E+000 ,  0.0000000000000000E+000
 0.2019283598976570E+002 ,  0.0000000000000000E+000 , -0.9299135447799526E-008 , -0.2268358845611725E-007 ,  0.0000000000000000E+000 ,  0.0000000000000000E+000 ,  0.0000000000000000E+000
 0.2036778623969463E+002 ,  0.0000000000000000E+000 , -0.8919723564075233E-008 , -0.2017663239520734E-007 ,  0.0000000000000000E+000 ,  0.0000000000000000E+000 ,  0.0000000000000000E+000
 0.2054273648962356E+002 ,  0.0000000000000000E+000 , -0.8654027903912551E-008 , -0.1787961912205250E-007 ,  0.0000000000000000E+000 ,  0.0000000000000000E+000 ,  0.0000000000000000E+000
 0.2071768673955249E+002 ,  0.0000000000000000E+000 , -0.8293884644365143E-008 , -0.1594859641478850E-007 ,  0.0000000000000000E+000 ,  0.0000000000000000E+000 ,  0.0000000000000000E+000
 0.2089263698948141E+002 ,  0.0000000000000000E+000 , -0.7860127174487179E-008 , -0.1409883111993619E-007 ,  0.0000000000000000E+000 ,  0.0000000000000000E+000 ,  0.0000000000000000E+000
 0.2106758723941034E+002 ,  0.0000000000000000E+000 , -0.7533755046061534E-008 , -0.1247756483139690E-007 ,  0.0000000000000000E+000 ,  0.0000000000000000E+000 ,  0.0000000000000000E+000
 0.2124253748933927E+002 ,  0.0000000000000000E+000 , -0.7103794490425747E-008 , -0.1108447666411433E-007 ,  0.0000000000000000E+000 ,  0.0000000000000000E+000 ,  0.0000000000000000E+000
 0.2141748773926820E+002 ,  0.0000000000000000E+000 , -0.6691173214100844E-008 , -0.9746071780447129E-008 ,  0.0000000000000000E+000 ,  0.0000000000000000E+000 ,  0.0000000000000000E+000
 0.2159243798919713E+002 ,  0.0000000000000000E+000 , -0.6336170983795775E-008 , -0.8614150730183531E-008 ,  0.0000000000000000E+000 ,  0.0000000000000000E+000 ,  0.0000000000000000E+000
 0.2176738823912606E+002 ,  0.0000000000000000E+000 , -0.5915162471019758E-008 , -0.7600367216246661E-008 ,  0.0000000000000000E+000 ,  0.0000000000000000E+000 ,  0.0000000000000000E+000
 0.2194233848905499E+002 ,  0.0000000000000000E+000 , -0.5553450735921267E-008 , -0.6658983272102501E-008 ,  0.0000000000000000E+000 ,  0.0000000000000000E+000 ,  0.0000000000000000E+000
 0.2211728873898391E+002 ,  0.0000000000000000E+000 , -0.5195140701461450E-008 , -0.5875568573185254E-008 ,  0.0000000000000000E+000 ,  0.0000000000000000E+000 ,  0.0000000000000000E+000
 0.2229223898891284E+002 ,  0.0000000000000000E+000 , -0.4817109700226976E-008 , -0.5137494191077969E-008 ,  0.0000000000000000E+000 ,  0.0000000000000000E+000 ,  0.0000000000000000E+000
 0.2246718923884177E+002 ,  0.0000000000000000E+000 , -0.4507903766224709E-008 , -0.4484417674544884E-008 ,  0.0000000000000000E+000 ,  0.0000000000000000E+000 ,  0.0000000000000000E+000
 0.2264213948877070E+002 ,  0.0000000000000000E+000 , -0.4181121075178110E-008 , -0.3940402564605336E-008 ,  0.0000000000000000E+000 ,  0.0000000000000000E+000 ,  0.0000000000000000E+000
 0.2281708973869963E+002 ,  0.0000000000000000E+000 , -0.3864300342443772E-008 , -0.3420135905788345E-008 ,  0.0000000000000000E+000 ,  0.0000000000000000E+000 ,  0.0000000000000000E+000
 0.2299203998862856E+002 ,  0.0000000000000000E+000 , -0.3592171040274790E-008 , -0.2977433460968216E-008 ,  0.0000000000000000E+000 ,  0.0000000000000000E+000 ,  0.0000000000000000E+000
 0.2316699023855749E+002 ,  0.0000000000000000E+000 , -0.3307974691184000E-008 , -0.2591774780398703E-008 ,  0.0000000000000000E+000 ,  0.0000000000000000E+000 ,  0.0000000000000000E+000
 0.2334194048848641E+002 ,  0.0000000000000000E+000 , -0.3054931495424257E-008 , -0.2232653171168473E-008 ,  0.0000000000000000E+000 ,  0.0000000000000000E+000 ,  0.0000000000000000E+000
 0.2351689073841534E+002 ,  0.0000000000000000E+000 , -0.2819692257016636E-008 , -0.1937209641289658E-008 ,  0.0000000000000000E+000 ,  0.0000000000000000E+000 ,  0.0000000000000000E+000
 0.2369184098834427E+002 ,  0.0000000000000000E+000 , -0.2584335488389452E-008 , -0.1664673409962227E-008 ,  0.0000000000000000E+000 ,  0.0000000000000000E+000 ,  0.0000000000000000E+000
 0.2386679123827320E+002 ,  0.0000000000000000E+000 , -0.2383685951233770E-008 , -0.1424200408672931E-008 ,  0.0000000000000000E+000 ,  0.0000000000000000E+000 ,  0.0000000000000000E+000
 0.2404174148820213E+002 ,  0.0000000000000000E+000 , -0.2184487374199696E-008 , -0.1227047074593815E-008 ,  0.0000000000000000E+000 ,  0.0000000000000000E+000 ,  0.0000000000000000E+000
 0.2421669173813105E+002 ,  0.0000000000000000E+000 , -0.1997374828721749E-008 , -0.1037460611410044E-008 ,  0.0000000000000000E+000 ,  0.0000000000000000E+000 ,  0.0000000000000000E+000
 0.2439164198805998E+002 ,  0.0000000000000000E+000 , -0.1837365120562919E-008 , -0.8813140168713904E-009 ,  0.0000000000000000E+000 ,  0.0000000000000000E+000 ,  0.0000000000000000E+000
 0.2456659223798891E+002 ,  0.0000000000000000E+000 , -0.1673563608904105E-008 , -0.7491643499307558E-009 ,  0.0000000000000000E+000 ,  0.0000000000000000E+000 ,  0.0000000000000000E+000
 0.2474154248791784E+002 ,  0.0000000000000000E+000 , -0.1528232209316245E-008 , -0.6213258850282433E-009 ,  0.0000000000000000E+000 ,  0.0000000000000000E+000 ,  0.0000000000000000E+000
 0.2491649273784677E+002 ,  0.0000000000000000E+000 , -0.1399383694502695E-008 , -0.5215761441846817E-009 ,  0.0000000000000000E+000 ,  0.0000000000000000E+000 ,  0.0000000000000000E+000
 0.2509144298777570E+002 ,  0.0000000000000000E+000 , -0.1269922095353641E-008 , -0.4322255327399996E-009 ,  0.0000000000000000E+000 ,  0.0000000000000000E+000 ,  0.0000000000000000E+000
 0.2526639323770463E+002 ,  0.0000000000000000E+000 , -0.1159270978741346E-008 , -0.3503048284368575E-009 ,  0.0000000000000000E+000 ,  0.0000000000000000E+000 ,  0.0000000000000000E+000
 0.2544134348763355E+002 ,  0.0000000000000000E+000 , -0.1055452179266476E-008 , -0.2883834128528052E-009 ,  0.0000000000000000E+000 ,  0.0000000000000000E+000 ,  0.0000000000000000E+000
 0.2561629373756248E+002 ,  0.0000000000000000E+000 , -0.9551140542965613E-009 , -0.2290346115386051E-009 ,  0.0000000000000000E+000 ,  0.0000000000000000E+000 ,  0.0000000000000000E+000
 0.2579124398749141E+002 ,  0.0000000000000000E+000 , -0.8700989547983304E-009 , -0.1784098480239440E-009 ,  0.0000000000000000E+000 ,  0.0000000000000000E+000 ,  0.0000000000000000E+000
 0.2596619423742034E+002 ,  0.0000000000000000E+000 , -0.7882978536709245E-009 , -0.1394450311892860E-009 ,  0.0000000000000000E+000 ,  0.0000000000000000E+000 ,  0.0000000000000000E+000
 0.2614114448734927E+002 ,  0.0000000000000000E+000 , -0.7131913498736673E-009 , -0.1020584018054872E-009 ,  0.0000000000000000E+000 ,  0.0000000000000000E+000 ,  0.0000000000000000E+000
 0.2631609473727820E+002 ,  0.0000000000000000E+000 , -0.6470694258347597E-009 , -0.7307471778504259E-010 ,  0.0000000000000000E+000 ,  0.0000000000000000E+000 ,  0.0000000000000000E+000
 0.2649104498720713E+002 ,  0.0000000000000000E+000 , -0.5834135537430971E-009 , -0.4834334122143631E-010 ,  0.0000000000000000E+000 ,  0.0000000000000000E+000 ,  0.0000000000000000E+000
 0.2666599523713606E+002 ,  0.0000000000000000E+000 , -0.5280706119886797E-009 , -0.2606987272165034E-010 ,  0.0000000000000000E+000 ,  0.0000000000000000E+000 ,  0.0000000000000000E+000
 0.2684094548706498E+002 ,  0.0000000000000000E+000 , -0.4768586721280302E-009 , -0.1063867848593825E-010 ,  0.0000000000000000E+000 ,  0.0000000000000000E+000 ,  0.0000000000000000E+000
 0.2701589573699391E+002 ,  0.0000000000000000E+000 , -0.4285341995023878E-009 ,  0.4502823547518837E-011 ,  0.0000000000000000E+000 ,  0.0000000000000000E+000 ,  0.0000000000000000E+000
 0.2719084598692284E+002 ,  0.0000000000000000E+000 , -0.3876511061895275E-009 ,  0.1640867634792255E-010 ,  0.0000000000000000E+000 ,  0.0000000000000000E+000 ,  0.0000000000000000E+000
 0.2736579623685176E+002 ,  0.0000000000000000E+000 , -0.3483573097589673E-009 ,  0.2400390472144428E-010 ,  0.0000000000000000E+000 ,  0.0000000000000000E+000 ,  0.0000000000000000E+000
 0.2754074648678070E+002 ,  0.0000000000000000E+000 , -0.3125615755494922E-009 ,  0.3237208722490735E-010 ,  0.0000000000000000E+000 ,  0.0000000000000000E+000 ,  0.0000000000000000E+000
 0.2771569673670962E+002 ,  0.0000000000000000E+000 , -0.2818728228444317E-009 ,  0.3753356904073448E-010 ,  0.0000000000000000E+000 ,  0.0000000000000000E+000 ,  0.0000000000000000E+000
 0.2789064698663855E+002 ,  0.0000000000000000E+000 , -0.2520793365026271E-009 ,  0.4104144455344470E-010 ,  0.0000000000000000E+000 ,  0.0000000000000000E+000 ,  0.0000000000000000E+000
 0.2806559723656748E+002 ,  0.0000000000000000E+000 , -0.2261952129054203E-009 ,  0.4490198120356816E-010 ,  0.0000000000000000E+000 ,  0.0000000000000000E+000 ,  0.0000000000000000E+000
 0.2824054748649641E+002 ,  0.0000000000000000E+000 , -0.2031671563243905E-009 ,  0.4601091085723374E-010 ,  0.0000000000000000E+000 ,  0.0000000000000000E+000 ,  0.0000000000000000E+000
 0.2841549773642534E+002 ,  0.0000000000000000E+000 , -0.1810332813119024E-009 ,  0.4706296157907086E-010 ,  0.0000000000000000E+000 ,  0.0000000000000000E+000 ,  0.0000000000000000E+000
 0.2859044798635427E+002 ,  0.0000000000000000E+000 , -0.1622810663399074E-009 ,  0.4787357362508454E-010 ,  0.0000000000000000E+000 ,  0.0000000000000000E+000 ,  0.0000000000000000E+000
 0.2876539823628320E+002 ,  0.0000000000000000E+000 , -0.1449191492843267E-009 ,  0.4704103501514124E-010 ,  0.0000000000000000E+000 ,  0.0000000000000000E+000 ,  0.0000000000000000E+000
 0.2894034848621212E+002 ,  0.0000000000000000E+000 , -0.1289152430509741E-009 ,  0.4675106526243153E-010 ,  0.0000000000000000E+000 ,  0.0000000000000000E+000 ,  0.0000000000000000E+000
 0.2911529873614105E+002 ,  0.0000000000000000E+000 , -0.1153640676302042E-009 ,  0.4569877512418160E-010 ,  0.0000000000000000E+000 ,  0.0000000000000000E+000 ,  0.0000000000000000E+000
 0.2929024898606998E+002 ,  0.0000000000000000E+000 , -0.1024022585924641E-009 ,  0.4401097157996982E-010 ,  0.0000000000000000E+000 ,  0.0000000000000000E+000 ,  0.0000000000000000E+000
 0.2946519923599891E+002 ,  0.0000000000000000E+000 , -0.9098403345524623E-010 ,  0.4289331476793048E-010 ,  0.0000000000000000E+000 ,  0.0000000000000000E+000 ,  0.0000000000000000E+000
 0.2964014948592784E+002 ,  0.0000000000000000E+000 , -0.8112049208360573E-010 ,  0.4099768738866270E-010 ,  0.0000000000000000E+000 ,  0.0000000000000000E+000 ,  0.0000000000000000E+000
 0.2981509973585677E+002 ,  0.0000000000000000E+000 , -0.7170966314236584E-010 ,  0.3908059026506555E-010 ,  0.0000000000000000E+000 ,  0.0000000000000000E+000 ,  0.0000000000000000E+000
 0.2999004998578570E+002 ,  0.0000000000000000E+000 , -0.6364582823669988E-010 ,  0.3738379253527488E-010 ,  0.0000000000000000E+000 ,  0.0000000000000000E+000 ,  0.0000000000000000E+000
