 0.6016936469488212E-004, 
 0.2404446751964564E-003, 
 0.5401284813499713E-003, 
 0.9580613647281410E-003, 
 0.1492626424195835E-002, 
 0.2141755531386414E-002, 
 0.2902937331888648E-002, 
 0.3773226961189041E-002, 
 0.4749257437780557E-002, 
 0.5827252689359947E-002, 
 0.7003042161717966E-002, 
 0.8272076953803380E-002, 
 0.9629447416537422E-002, 
 0.1106990214729232E-001, 
 0.1258786830654788E-001, 
 0.1417747317812495E-001, 
 0.1583256688958349E-001, 
 0.1754674620488424E-001, 
 0.1931337929726511E-001, 
 0.2112563140649053E-001, 
 0.2297649128121103E-001, 
 0.2485879830413264E-001, 
 0.2676527019505420E-001, 
 0.2868853118459465E-001, 
 0.3062114054961197E-001, 
 0.3255562139991549E-001, 
 0.3448448960490154E-001, 
 0.3640028274820084E-001, 
 0.3829558899831771E-001, 
 0.4016307578356627E-001, 
 0.4199551816036579E-001, 
 0.4378582676514389E-001, 
 0.4552707524170687E-001, 
 0.4721252703796636E-001, 
 0.4883566146835062E-001, 
 0.5039019894107025E-001, 
 0.5187012525263895E-001, 
 0.5326971485565835E-001, 
 0.5458355300984871E-001, 
 0.5580655673062714E-001, 
 0.5693399445418740E-001, 
 0.5796150434300124E-001, 
 0.5888511116092026E-001, 
 0.5970124165259244E-001, 
 0.6040673836769290E-001, 
 0.6099887187648574E-001, 
 0.6147535132945758E-001, 
 0.6183433332016919E-001, 
 0.6207442901703693E-001, 
 0.6219470953645231E-001, 
 0.6219470953645232E-001, 
 0.6207442901703693E-001, 
 0.6183433332016919E-001, 
 0.6147535132945758E-001, 
 0.6099887187648574E-001, 
 0.6040673836769290E-001, 
 0.5970124165259245E-001, 
 0.5888511116092026E-001, 
 0.5796150434300124E-001, 
 0.5693399445418742E-001, 
 0.5580655673062714E-001, 
 0.5458355300984873E-001, 
 0.5326971485565834E-001, 
 0.5187012525263895E-001, 
 0.5039019894107025E-001, 
 0.4883566146835062E-001, 
 0.4721252703796636E-001, 
 0.4552707524170686E-001, 
 0.4378582676514390E-001, 
 0.4199551816036581E-001, 
 0.4016307578356627E-001, 
 0.3829558899831773E-001, 
 0.3640028274820085E-001, 
 0.3448448960490154E-001, 
 0.3255562139991550E-001, 
 0.3062114054961197E-001, 
 0.2868853118459464E-001, 
 0.2676527019505421E-001, 
 0.2485879830413265E-001, 
 0.2297649128121105E-001, 
 0.2112563140649054E-001, 
 0.1931337929726514E-001, 
 0.1754674620488423E-001, 
 0.1583256688958349E-001, 
 0.1417747317812496E-001, 
 0.1258786830654790E-001, 
 0.1106990214729233E-001, 
 0.9629447416537439E-002, 
 0.8272076953803373E-002, 
 0.7003042161717973E-002, 
 0.5827252689359960E-002, 
 0.4749257437780564E-002, 
 0.3773226961189059E-002, 
 0.2902937331888644E-002, 
 0.2141755531386417E-002, 
 0.1492626424195835E-002, 
 0.9580613647281479E-003, 
 0.5401284813499713E-003, 
 0.2404446751964564E-003, 
 0.6016936469488212E-004, 
