 0.5000000000000000E-001, 
 0.1500000000000000E+000, 
 0.2500000000000000E+000, 
 0.3500000000000000E+000, 
 0.4500000000000000E+000, 
 0.5500000000000000E+000, 
 0.6500000000000000E+000, 
 0.7500000000000000E+000, 
 0.8500000000000001E+000, 
 0.9500000000000001E+000, 
 0.1050000000000000E+001, 
 0.1150000000000000E+001, 
 0.1250000000000000E+001, 
 0.1350000000000000E+001, 
 0.1450000000000000E+001, 
 0.1550000000000000E+001, 
 0.1650000000000000E+001, 
 0.1750000000000000E+001, 
 0.1850000000000000E+001, 
 0.1950000000000000E+001, 
 0.2050000000000000E+001, 
 0.2150000000000000E+001, 
 0.2250000000000000E+001, 
 0.2350000000000000E+001, 
 0.2450000000000000E+001, 
 0.2550000000000000E+001, 
 0.2650000000000000E+001, 
 0.2750000000000000E+001, 
 0.2850000000000000E+001, 
 0.2950000000000000E+001, 
 0.3050000000000000E+001, 
 0.3150000000000000E+001, 
 0.3250000000000000E+001, 
 0.3350000000000000E+001, 
 0.3450000000000000E+001, 
 0.3550000000000000E+001, 
 0.3650000000000000E+001, 
 0.3750000000000000E+001, 
 0.3850000000000000E+001, 
 0.3950000000000000E+001, 
 0.4050000000000000E+001, 
 0.4150000000000000E+001, 
 0.4250000000000000E+001, 
 0.4350000000000001E+001, 
 0.4450000000000000E+001, 
 0.4550000000000000E+001, 
 0.4650000000000000E+001, 
 0.4750000000000000E+001, 
 0.4850000000000001E+001, 
 0.4950000000000000E+001, 
 0.5050000000000001E+001, 
 0.5150000000000000E+001, 
 0.5250000000000000E+001, 
 0.5350000000000001E+001, 
 0.5450000000000000E+001, 
 0.5550000000000001E+001, 
 0.5650000000000000E+001, 
 0.5750000000000000E+001, 
 0.5850000000000001E+001, 
 0.5950000000000000E+001, 
 0.6050000000000001E+001, 
 0.6150000000000000E+001, 
 0.6250000000000000E+001, 
 0.6350000000000001E+001, 
 0.6450000000000000E+001, 
 0.6550000000000001E+001, 
 0.6650000000000000E+001, 
 0.6750000000000000E+001, 
 0.6850000000000001E+001, 
 0.6950000000000000E+001, 
 0.7050000000000001E+001, 
 0.7150000000000000E+001, 
 0.7250000000000000E+001, 
 0.7350000000000001E+001, 
 0.7450000000000000E+001, 
 0.7550000000000001E+001, 
 0.7650000000000000E+001, 
 0.7750000000000000E+001, 
 0.7850000000000001E+001, 
 0.7950000000000000E+001, 
 0.8050000000000001E+001, 
 0.8150000000000000E+001, 
 0.8250000000000000E+001, 
 0.8350000000000000E+001, 
 0.8450000000000001E+001, 
 0.8550000000000001E+001, 
 0.8650000000000000E+001, 
 0.8750000000000000E+001, 
 0.8850000000000000E+001, 
 0.8950000000000001E+001, 
 0.9050000000000001E+001, 
 0.9150000000000000E+001, 
 0.9250000000000000E+001, 
 0.9350000000000000E+001, 
 0.9450000000000001E+001, 
 0.9550000000000001E+001, 
 0.9650000000000000E+001, 
 0.9750000000000000E+001, 
 0.9850000000000001E+001, 
 0.9950000000000001E+001, 
 0.1005000000000000E+002, 
 0.1015000000000000E+002, 
 0.1025000000000000E+002, 
 0.1035000000000000E+002, 
 0.1045000000000000E+002, 
 0.1055000000000000E+002, 
 0.1065000000000000E+002, 
 0.1075000000000000E+002, 
 0.1085000000000000E+002, 
 0.1095000000000000E+002, 
 0.1105000000000000E+002, 
 0.1115000000000000E+002, 
 0.1125000000000000E+002, 
 0.1135000000000000E+002, 
 0.1145000000000000E+002, 
 0.1155000000000000E+002, 
 0.1165000000000000E+002, 
 0.1175000000000000E+002, 
 0.1185000000000000E+002, 
 0.1195000000000000E+002, 
 0.1205000000000000E+002, 
 0.1215000000000000E+002, 
 0.1225000000000000E+002, 
 0.1235000000000000E+002, 
 0.1245000000000000E+002, 
 0.1255000000000000E+002, 
 0.1265000000000000E+002, 
 0.1275000000000000E+002, 
 0.1285000000000000E+002, 
 0.1295000000000000E+002, 
 0.1305000000000000E+002, 
 0.1315000000000000E+002, 
 0.1325000000000000E+002, 
 0.1335000000000000E+002, 
 0.1345000000000000E+002, 
 0.1355000000000000E+002, 
 0.1365000000000000E+002, 
 0.1375000000000000E+002, 
 0.1385000000000000E+002, 
 0.1395000000000000E+002, 
 0.1405000000000000E+002, 
 0.1415000000000000E+002, 
 0.1425000000000000E+002, 
 0.1435000000000000E+002, 
 0.1445000000000000E+002, 
 0.1455000000000000E+002, 
 0.1465000000000000E+002, 
 0.1475000000000000E+002, 
 0.1485000000000000E+002, 
 0.1495000000000000E+002, 
 0.1505000000000000E+002, 
 0.1515000000000000E+002, 
 0.1525000000000000E+002, 
 0.1535000000000000E+002, 
 0.1545000000000000E+002, 
 0.1555000000000000E+002, 
 0.1565000000000000E+002, 
 0.1575000000000000E+002, 
 0.1585000000000000E+002, 
 0.1595000000000000E+002, 
 0.1605000000000000E+002, 
 0.1615000000000000E+002, 
 0.1625000000000000E+002, 
 0.1635000000000000E+002, 
 0.1645000000000000E+002, 
 0.1655000000000000E+002, 
 0.1665000000000000E+002, 
 0.1675000000000000E+002, 
 0.1685000000000000E+002, 
 0.1695000000000000E+002, 
 0.1705000000000000E+002, 
 0.1715000000000000E+002, 
 0.1725000000000000E+002, 
 0.1735000000000000E+002, 
 0.1745000000000000E+002, 
 0.1755000000000000E+002, 
 0.1765000000000000E+002, 
 0.1775000000000000E+002, 
 0.1785000000000000E+002, 
 0.1795000000000000E+002, 
 0.1805000000000000E+002, 
 0.1815000000000000E+002, 
 0.1825000000000000E+002, 
 0.1835000000000000E+002, 
 0.1845000000000000E+002, 
 0.1855000000000000E+002, 
 0.1865000000000000E+002, 
 0.1875000000000000E+002, 
 0.1885000000000000E+002, 
 0.1895000000000000E+002, 
 0.1905000000000000E+002, 
 0.1915000000000000E+002, 
 0.1925000000000000E+002, 
 0.1935000000000000E+002, 
 0.1945000000000000E+002, 
 0.1955000000000000E+002, 
 0.1965000000000000E+002, 
 0.1975000000000000E+002, 
 0.1985000000000000E+002, 
 0.1995000000000000E+002, 
 0.2005000000000000E+002, 
 0.2015000000000000E+002, 
 0.2025000000000000E+002, 
 0.2035000000000000E+002, 
 0.2045000000000000E+002, 
 0.2055000000000000E+002, 
 0.2065000000000000E+002, 
 0.2075000000000000E+002, 
 0.2085000000000000E+002, 
 0.2095000000000000E+002, 
 0.2105000000000000E+002, 
 0.2115000000000000E+002, 
 0.2125000000000000E+002, 
 0.2135000000000000E+002, 
 0.2145000000000000E+002, 
 0.2155000000000000E+002, 
 0.2165000000000000E+002, 
 0.2175000000000000E+002, 
 0.2185000000000000E+002, 
 0.2195000000000000E+002, 
 0.2205000000000000E+002, 
 0.2215000000000000E+002, 
 0.2225000000000000E+002, 
 0.2235000000000000E+002, 
 0.2245000000000000E+002, 
 0.2255000000000000E+002, 
 0.2265000000000000E+002, 
 0.2275000000000000E+002, 
 0.2285000000000000E+002, 
 0.2295000000000000E+002, 
 0.2305000000000000E+002, 
 0.2315000000000000E+002, 
 0.2325000000000000E+002, 
 0.2335000000000000E+002, 
 0.2345000000000000E+002, 
 0.2355000000000000E+002, 
 0.2365000000000000E+002, 
 0.2375000000000000E+002, 
 0.2385000000000000E+002, 
 0.2395000000000000E+002, 
 0.2405000000000000E+002, 
 0.2415000000000000E+002, 
 0.2425000000000000E+002, 
 0.2435000000000000E+002, 
 0.2445000000000000E+002, 
 0.2455000000000000E+002, 
 0.2465000000000000E+002, 
 0.2475000000000000E+002, 
 0.2485000000000000E+002, 
 0.2495000000000000E+002, 
 0.2505000000000000E+002, 
 0.2515000000000000E+002, 
 0.2525000000000000E+002, 
 0.2535000000000000E+002, 
 0.2545000000000000E+002, 
 0.2555000000000000E+002, 
 0.2565000000000000E+002, 
 0.2575000000000000E+002, 
 0.2585000000000000E+002, 
 0.2595000000000000E+002, 
 0.2605000000000000E+002, 
 0.2615000000000000E+002, 
 0.2625000000000000E+002, 
 0.2635000000000000E+002, 
 0.2645000000000000E+002, 
 0.2655000000000000E+002, 
 0.2665000000000000E+002, 
 0.2675000000000000E+002, 
 0.2685000000000000E+002, 
 0.2695000000000000E+002, 
 0.2705000000000000E+002, 
 0.2715000000000000E+002, 
 0.2725000000000000E+002, 
 0.2735000000000000E+002, 
 0.2745000000000000E+002, 
 0.2755000000000000E+002, 
 0.2765000000000000E+002, 
 0.2775000000000000E+002, 
 0.2785000000000000E+002, 
 0.2795000000000000E+002, 
 0.2805000000000000E+002, 
 0.2815000000000000E+002, 
 0.2825000000000000E+002, 
 0.2835000000000000E+002, 
 0.2845000000000000E+002, 
 0.2855000000000000E+002, 
 0.2865000000000000E+002, 
 0.2875000000000000E+002, 
 0.2885000000000000E+002, 
 0.2895000000000000E+002, 
 0.2905000000000000E+002, 
 0.2915000000000000E+002, 
 0.2925000000000000E+002, 
 0.2935000000000000E+002, 
 0.2945000000000000E+002, 
 0.2955000000000000E+002, 
 0.2965000000000000E+002, 
 0.2975000000000000E+002, 
 0.2985000000000000E+002, 
 0.2995000000000000E+002, 
 0.3005000000000000E+002, 
 0.3015000000000000E+002, 
 0.3025000000000000E+002, 
 0.3035000000000000E+002, 
 0.3045000000000000E+002, 
 0.3055000000000000E+002, 
 0.3065000000000000E+002, 
 0.3075000000000000E+002, 
 0.3085000000000000E+002, 
 0.3095000000000000E+002, 
 0.3105000000000000E+002, 
 0.3115000000000000E+002, 
 0.3125000000000000E+002, 
 0.3135000000000000E+002, 
 0.3145000000000000E+002, 
 0.3155000000000000E+002, 
 0.3165000000000000E+002, 
 0.3175000000000000E+002, 
 0.3185000000000000E+002, 
 0.3195000000000000E+002, 
 0.3205000000000000E+002, 
 0.3215000000000000E+002, 
 0.3225000000000000E+002, 
 0.3235000000000000E+002, 
 0.3245000000000000E+002, 
 0.3255000000000000E+002, 
 0.3265000000000000E+002, 
 0.3275000000000000E+002, 
 0.3285000000000000E+002, 
 0.3295000000000000E+002, 
 0.3305000000000000E+002, 
 0.3315000000000000E+002, 
 0.3325000000000000E+002, 
 0.3335000000000000E+002, 
 0.3345000000000000E+002, 
 0.3355000000000000E+002, 
 0.3365000000000000E+002, 
 0.3375000000000000E+002, 
 0.3385000000000000E+002, 
 0.3395000000000000E+002, 
 0.3405000000000000E+002, 
 0.3415000000000000E+002, 
 0.3425000000000000E+002, 
 0.3435000000000000E+002, 
 0.3445000000000000E+002, 
 0.3455000000000000E+002, 
 0.3465000000000000E+002, 
 0.3475000000000000E+002, 
 0.3485000000000000E+002, 
 0.3495000000000000E+002, 
 0.3505000000000000E+002, 
 0.3515000000000000E+002, 
 0.3525000000000000E+002, 
 0.3535000000000000E+002, 
 0.3545000000000000E+002, 
 0.3555000000000000E+002, 
 0.3565000000000000E+002, 
 0.3575000000000000E+002, 
 0.3585000000000000E+002, 
 0.3595000000000000E+002, 
 0.3605000000000000E+002, 
 0.3615000000000000E+002, 
 0.3625000000000000E+002, 
 0.3635000000000000E+002, 
 0.3645000000000000E+002, 
 0.3655000000000000E+002, 
 0.3665000000000000E+002, 
 0.3675000000000000E+002, 
 0.3685000000000000E+002, 
 0.3695000000000000E+002, 
 0.3705000000000000E+002, 
 0.3715000000000000E+002, 
 0.3725000000000000E+002, 
 0.3735000000000000E+002, 
 0.3745000000000000E+002, 
 0.3755000000000000E+002, 
 0.3765000000000000E+002, 
 0.3775000000000000E+002, 
 0.3785000000000000E+002, 
 0.3795000000000000E+002, 
 0.3805000000000000E+002, 
 0.3815000000000000E+002, 
 0.3825000000000000E+002, 
 0.3835000000000000E+002, 
 0.3845000000000000E+002, 
 0.3855000000000000E+002, 
 0.3865000000000001E+002, 
 0.3875000000000000E+002, 
 0.3885000000000000E+002, 
 0.3895000000000000E+002, 
 0.3905000000000000E+002, 
 0.3915000000000001E+002, 
 0.3925000000000000E+002, 
 0.3935000000000000E+002, 
 0.3945000000000000E+002, 
 0.3955000000000000E+002, 
 0.3965000000000001E+002, 
 0.3975000000000000E+002, 
 0.3985000000000000E+002, 
 0.3995000000000000E+002, 
