 0.3990100000000000E+002, 
 0.3990300000000001E+002, 
 0.3990500000000001E+002, 
 0.3990700000000000E+002, 
 0.3990900000000001E+002, 
 0.3991100000000001E+002, 
 0.3991300000000000E+002, 
 0.3991500000000001E+002, 
 0.3991700000000001E+002, 
 0.3991900000000000E+002, 
 0.3992100000000001E+002, 
 0.3992300000000001E+002, 
 0.3992500000000000E+002, 
 0.3992700000000001E+002, 
 0.3992900000000001E+002, 
 0.3993100000000000E+002, 
 0.3993300000000001E+002, 
 0.3993500000000000E+002, 
 0.3993700000000000E+002, 
 0.3993900000000001E+002, 
 0.3994100000000000E+002, 
 0.3994300000000000E+002, 
 0.3994500000000001E+002, 
 0.3994700000000000E+002, 
 0.3994900000000001E+002, 
 0.3995100000000001E+002, 
 0.3995300000000000E+002, 
 0.3995500000000001E+002, 
 0.3995700000000001E+002, 
 0.3995900000000000E+002, 
 0.3996100000000001E+002, 
 0.3996300000000001E+002, 
 0.3996500000000000E+002, 
 0.3996700000000001E+002, 
 0.3996900000000001E+002, 
 0.3997100000000000E+002, 
 0.3997300000000001E+002, 
 0.3997500000000001E+002, 
 0.3997700000000000E+002, 
 0.3997900000000001E+002, 
 0.3998100000000001E+002, 
 0.3998300000000000E+002, 
 0.3998500000000001E+002, 
 0.3998700000000001E+002, 
 0.3998900000000000E+002, 
 0.3999100000000001E+002, 
 0.3999300000000001E+002, 
 0.3999500000000000E+002, 
 0.3999700000000001E+002, 
 0.3999900000000000E+002, 
